446.824,109.18,44.6719,164.565
449.404,109.489,47.5798,164.639
448.561,87.8035,43.0903,142.205
446.048,91.7821,40.9555,146.557
440.29,99.0282,35.7392,154.617
472.524,110.523,91.2714,160.43
411.693,72.0261,5.01501,127.84
467.595,101.04,85.1204,151.02
466.625,100.958,84.0659,151.021
518.123,96.669,136.613,142.406
544.989,99.1528,165.055,142.568
545.424,99.3727,165.552,142.747
528.678,101.91,148.881,146.692
517.372,94.0782,135.658,139.818
517.3,77.8574,132.729,123.523
516.439,77.3915,131.99,123.081
528.732,101.636,148.895,146.412
517.447,92.6337,135.236,138.401
573.312,58.1718,172.475,102.244
529.007,73.672,144.766,118.335
516.614,83.9778,133.227,129.705
535.762,94.1597,155.0,138.32
579.651,105.021,186.273,147.938
578.677,104.711,185.236,147.718
585.427,99.2405,191.212,141.751
579.858,94.6418,184.856,137.695
536.739,89.355,155.24,133.434
501.039,95.0944,118.163,142.314
579.923,65.5321,180.361,109.027
543.705,67.2479,158.662,110.868
545.181,79.1094,162.102,122.571
576.526,79.9291,179.164,123.466
576.09,80.0259,178.736,123.595
542.683,72.5033,158.399,116.19
585.416,84.5587,188.904,127.323
583.631,87.7481,187.598,130.601
508.627,103.54,128.826,149.989
534.965,82.0817,152.258,126.3
537.571,74.3216,153.7,118.343
527.661,92.9489,146.364,137.792
539.396,113.517,161.353,157.439
517.569,112.537,138.886,158.395
496.697,111.583,117.035,159.308
529.833,86.1748,147.636,130.802
761.443,24.6882,349.672,58.72
724.267,11.0849,314.984,47.7973
746.148,18.3124,335.396,53.5424
768.687,15.6347,354.588,50.0996
739.55,21.3079,330.049,56.6071
738.506,23.2447,329.419,58.4474
724.977,20.1345,316.975,56.1835
783.673,115.107,379.286,140.618
739.598,24.8374,330.619,59.8706
750.456,21.5581,339.649,56.3426
736.856,20.1875,327.507,55.6925
687.92,14.697,282.724,52.7721
656.363,11.7394,253.065,51.3884
786.847,110.207,381.322,135.902
675.784,15.0975,271.635,53.7003
707.231,18.0947,300.774,55.0894
675.301,17.099,271.494,55.6183
716.859,21.1886,309.889,57.5387
685.739,18.096,281.244,56.0777
645.644,10.7657,242.836,50.9404
706.357,20.0839,300.286,56.9922
666.71,12.7366,262.871,51.8717
752.901,21.2286,341.733,55.9286
665.39,14.0937,261.851,53.2215
694.13,19.0266,289.047,56.5659
695.84,19.0874,290.612,56.5439
698.389,15.7313,292.419,53.2739
446.182,228.883,63.6418,289.247
444.318,234.275,62.4731,295.148
411.47,226.073,42.2754,288.191
414.339,151.162,16.7073,211.696
384.574,234.349,7.23312,302.132
546.59,192.777,181.452,235.834
534.916,225.19,174.563,269.808
534.699,227.814,174.748,272.474
581.311,229.875,207.547,270.916
535.083,224.723,174.668,269.315
575.966,173.972,193.362,216.353
558.385,124.711,181.505,167.005
554.963,229.856,195.157,271.863
551.759,221.332,190.686,263.773
530.217,229.807,170.276,275.126
553.995,227.929,193.839,270.08
555.578,226.965,195.345,268.896
578.716,209.815,201.779,251.441
551.073,209.514,188.102,252.079
523.397,234.679,165.117,280.78
536.25,214.323,174.264,258.712
538.823,212.44,176.706,256.47
514.99,228.72,154.61,276.085
538.456,213.277,176.448,257.359
538.891,207.181,176.198,251.144
537.562,210.776,175.1,254.974
546.188,232.359,186.822,275.526
536.23,218.128,174.845,262.533
514.394,225.266,153.329,272.691
559.508,198.969,195.051,240.509
510.267,229.99,150.004,278.009
559.161,199.327,194.744,240.91
544.779,215.262,182.633,258.628
544.452,216.462,182.477,259.873
538.07,220.702,177.212,264.857
500.246,227.19,138.689,276.63
501.133,231.171,140.255,280.559
537.167,189.893,170.558,234.235
751.874,174.431,373.619,195.555
733.666,134.206,350.253,160.214
783.076,149.092,383.552,171.746
736.192,146.434,354.515,171.312
761.223,189.139,383.889,208.187
754.348,187.534,377.937,207.363
774.703,126.83,373.193,152.061
761.757,153.735,365.586,177.948
760.886,157.472,365.373,181.471
776.28,128.42,374.806,153.386
778.016,145.73,391.413,166.882
772.722,138.818,373.232,163.216
773.773,135.999,373.562,160.571
774.413,134.078,374.011,158.726
774.214,158.188,377.178,180.882
783.264,154.8,384.557,176.944
772.873,154.969,375.53,178.054
760.49,213.337,373.323,233.017
729.595,154.038,349.782,178.982
446.564,252.34,67.9262,313.65
446.089,249.966,67.0119,311.248
447.735,253.665,69.4333,314.848
449.398,258.651,72.0822,319.781
444.957,247.111,65.2937,308.446
451.434,263.822,75.1671,324.841
410.514,291.562,51.9149,357.581
407.592,290.672,48.2878,357.194
388.066,289.396,20.4898,360.356
634.344,285.786,268.222,318.054
524.001,331.982,180.664,379.07
524.392,332.065,181.096,379.08
567.21,352.115,233.488,390.285
536.696,331.461,193.838,376.227
551.822,354.185,212.506,396.334
604.44,340.927,247.881,376.658
543.292,352.941,203.956,396.614
544.818,347.484,204.625,390.859
618.827,351.447,263.583,384.416
550.976,324.236,206.884,366.533
634.544,349.866,278.518,380.111
604.152,345.186,248.264,380.888
552.687,334.061,210.228,376.045
609.08,292.366,244.798,328.316
604.739,350.743,249.71,386.238
543.933,347.126,203.679,390.661
553.615,332.985,211.014,374.802
552.306,333.026,209.666,375.081
562.012,248.692,204.787,289.713
636.821,350.693,280.83,380.515
602.2,297.649,238.864,334.575
553.246,336.237,211.156,378.117
602.53,296.186,238.955,333.088
543.977,322.083,199.192,365.64
550.029,329.766,206.767,372.237
561.228,251.831,204.51,292.943
634.516,304.14,271.229,335.812
585.978,330.415,251.36,364.966
560.97,321.791,215.784,362.522
559.816,251.914,203.124,293.224
543.179,340.895,201.921,384.546
561.79,344.218,220.171,384.718
578.695,333.015,221.154,373.36
686.552,294.39,318.904,318.494
658.424,332.867,310.324,357.353
753.402,298.312,379.769,312.488
753.204,310.554,381.423,323.863
645.687,351.414,301.704,377.241
780.636,287.649,401.935,298.87
778.045,289.504,399.97,300.926
772.522,342.017,403.184,349.986
649.746,333.173,302.652,358.99
642.566,285.271,276.036,316.321
643.378,292.77,277.971,323.44
655.437,321.174,305.962,346.565
767.635,358.327,401.369,365.798
781.126,357.342,412.889,362.731
670.183,328.669,320.264,351.497
669.335,328.933,319.545,351.881
667.183,330.913,317.918,354.108
686.117,305.121,320.147,328.753
653.132,315.137,290.726,343.478
761.848,282.153,384.777,296.364
760.105,278.65,382.728,293.364
663.943,327.695,314.506,351.533
774.918,323.886,402.567,332.932
648.51,324.974,300.197,351.302
675.099,310.585,310.801,335.638
764.59,317.262,392.368,328.402
664.215,346.822,318.113,369.724
775.441,325.718,403.292,334.54
766.678,286.308,389.618,299.54
666.458,344.896,319.576,367.568
757.83,340.782,390.199,351.131
758.435,343.425,391.123,353.484
654.217,307.664,290.561,336.124
755.858,340.192,388.382,350.893
657.356,304.013,292.962,332.127
661.456,349.424,316.177,372.637
757.278,321.146,386.785,333.034
722.04,356.191,360.757,371.259
447.284,362.39,86.8691,428.45
449.307,374.308,110.481,436.608
450.351,410.366,117.56,473.993
455.417,387.308,119.171,448.878
452.348,432.966,123.432,497.116
451.348,396.85,116.394,459.681
451.384,446.458,124.633,511.417
454.554,430.012,125.298,493.531
452.747,377.847,114.755,439.587
454.563,450.72,128.729,515.11
453.617,379.002,115.876,440.609
455.662,452.119,130.13,516.307
457.485,457.017,132.878,520.975
446.037,440.284,98.3858,510.272
444.988,404.365,91.2948,472.873
443.314,369.253,83.6515,436.451
418.241,437.755,77.5221,512.166
423.204,444.841,85.1073,518.272
442.755,442.395,95.1464,513.271
441.993,405.377,88.1807,474.603
623.628,370.626,271.223,402.255
562.9,372.005,232.704,410.799
620.538,369.678,268.084,401.899
618.176,367.305,265.422,400.017
572.887,365.414,241.534,402.381
593.692,394.32,261.057,428.084
536.602,417.809,208.82,462.926
594.954,442.897,270.571,475.551
582.118,392.645,249.626,428.656
588.407,388.531,254.876,423.423
537.416,416.348,209.432,461.277
590.256,437.228,264.803,471.02
489.41,407.47,161.028,461.967
536.598,386.369,203.527,431.306
524.96,384.7,193.647,431.495
580.046,394.186,247.894,430.574
582.32,441.61,257.86,477.018
537.689,429.957,211.887,474.93
532.934,424.462,206.11,470.43
632.965,361.242,278.765,391.431
526.515,415.991,202.101,462.448
534.354,467.735,214.664,513.767
526.637,455.541,208.305,502.495
585.17,382.586,253.356,417.656
581.942,426.818,255.166,462.448
484.825,374.193,150.786,428.748
596.629,396.019,264.172,429.187
540.836,456.74,219.456,501.189
489.924,379.728,157.034,433.4
539.097,473.845,220.478,518.817
597.923,444.712,273.867,476.679
614.893,360.722,261.202,394.182
507.441,434.914,184.019,486.141
567.089,367.1,235.745,405.198
552.857,369.846,219.707,411.075
742.881,396.12,410.903,399.865
735.25,377.754,375.812,389.227
749.891,409.789,415.602,412.021
721.198,370.353,362.138,384.698
662.497,367.759,307.821,392.457
711.807,383.965,355.732,399.141
683.635,363.362,326.842,384.546
681.342,365.589,325.061,387.066
666.924,459.164,346.832,475.028
665.48,404.403,336.862,422.899
760.73,388.781,425.901,389.863
715.959,361.158,356.031,376.942
666.466,446.252,344.53,462.727
667.956,444.916,345.763,461.131
654.086,402.665,318.883,424.831
660.182,398.703,330.638,418.518
712.225,388.308,356.768,403.161
712.287,387.622,356.72,402.504
739.86,418.907,408.403,422.277
740.825,416.987,408.912,420.322
655.51,456.64,335.38,475.089
653.752,457.832,333.74,476.644
693.543,379.425,338.413,398.082
651.822,404.323,317.09,426.844
662.194,453.375,341.457,470.481
738.907,419.455,407.643,422.964
667.987,406.559,339.656,424.46
729.037,426.358,399.911,431.26
669.764,441.979,347.071,457.935
751.15,438.116,421.749,437.906
727.574,427.784,398.816,432.873
693.502,377.652,338.105,396.406
669.717,461.163,349.796,476.343
681.795,377.456,327.294,398.3
713.314,361.061,353.627,377.296
455.027,504.962,138.191,571.572
457.689,502.201,140.559,568.001
445.891,505.876,109.094,579.119
419.543,495.09,95.5773,571.079
458.045,512.128,142.906,578.186
459.31,512.663,144.416,578.393
465.642,513.274,151.36,577.333
416.191,493.376,91.3555,570.203
461.951,512.882,147.307,577.914
413.162,488.53,86.573,565.994
417.16,490.224,91.5201,566.685
446.479,518.685,111.858,592.41
535.713,510.233,227.907,555.279
596.799,526.738,293.584,556.059
597.456,525.566,294.015,554.747
585.189,536.793,280.187,569.687
541.491,546.271,239.449,590.176
540.659,547.291,238.795,591.42
593.346,533.775,291.395,563.844
596.247,491.421,282.114,522.532
591.865,485.653,274.817,518.307
585.331,488.103,270.585,521.869
597.727,540.243,296.592,569.146
494.446,523.873,185.228,580.298
552.33,536.502,248.494,577.582
599.393,522.707,295.38,551.471
539.939,504.192,231.144,548.149
601.763,571.312,305.282,598.746
581.581,537.274,276.828,571.053
533.86,549.095,232.09,595.072
582.776,515.479,276.304,548.76
582.2,491.047,267.673,525.582
583.373,515.944,277.02,549.063
539.428,517.278,232.747,561.466
495.636,521.213,186.012,577.258
589.719,528.308,286.801,559.388
588.619,480.88,270.948,514.327
599.018,493.122,285.124,523.553
585.158,498.635,274.1,531.905
600.549,541.877,299.494,570.066
561.109,537.957,257.261,576.831
486.989,526.667,177.72,585.183
590.136,504.232,283.52,535.47
602.709,496.089,289.242,525.597
601.226,544.177,300.491,572.165
573.15,538.452,268.95,574.314
526.136,537.03,220.935,585.193
604.214,496.843,290.847,525.981
509.463,515.403,199.152,567.777
582.378,497.66,271.293,531.582
528.87,520.351,219.467,567.917
753.965,541.941,439.038,533.878
743.088,539.297,428.913,533.924
751.705,490.275,426.429,486.986
741.091,539.622,427.126,534.698
740.529,540.008,426.663,535.192
658.813,564.527,356.338,577.962
657.474,564.599,355.151,578.356
670.178,553.784,369.761,563.829
669.61,499.474,355.234,513.134
668.603,514.015,356.342,527.344
670.062,568.762,371.978,578.214
656.029,511.828,343.795,528.248
664.189,507.918,351.269,522.511
654.221,513.268,342.292,530.062
652.949,513.248,341.077,530.342
671.332,496.66,356.438,510.045
665.994,562.409,367.328,573.109
672.95,551.379,371.833,560.876
686.23,539.0,381.567,545.998
671.311,515.939,359.171,528.56
652.381,564.712,350.602,579.701
662.225,556.845,362.862,568.719
741.578,489.025,417.217,487.966
673.602,573.018,375.754,581.44
660.658,503.023,347.145,518.629
674.912,574.118,377.075,582.177
657.398,518.605,347.94,534.066
742.531,490.712,418.354,489.33
673.858,518.98,361.952,530.894
727.572,542.591,417.648,540.128
750.51,526.461,431.37,520.765
663.953,570.739,366.649,581.638
662.371,524.223,358.018,537.316
749.913,498.571,426.27,495.038
656.811,497.743,342.612,514.445
660.907,526.813,353.049,541.019
658.307,550.969,357.614,564.181
747.924,524.082,428.703,519.132
659.767,553.029,359.535,565.753
