60.0779,90.4287
58.8647,90.9087
53.9778,69.8696
53.6705,66.7516
78.7986,105.092
77.352,106.621
80.5529,104.585
82.0744,103.497
52.9426,90.6867
58.0163,27.4902
59.9579,101.582
68.6712,81.5375
45.7319,87.3865
44.331,41.2744
35.3021,85.7898
48.9057,31.7259
15.6393,25.4816
53.9171,103.687
53.1475,104.036
50.0571,70.0284
45.7813,78.1791
62.3981,21.631
62.5131,30.1476
44.5743,58.7166
41.6887,91.6897
65.698,31.9872
41.6411,89.3231
52.0993,36.9959
41.5153,91.8555
18.6412,90.7716
20.7885,88.2078
20.6083,90.7288
41.3395,89.4531
38.854,51.8893
196.672,116.291
251.416,111.094
252.568,112.495
185.296,117.425
198.18,106.79
197.982,103.94
198.772,104.859
197.198,100.381
257.721,38.7109
258.964,38.5585
252.778,87.4708
250.189,49.0598
250.896,93.7783
248.483,49.4964
266.428,71.364
243.284,48.5124
446.824,109.18
449.404,109.489
448.561,87.8035
446.048,91.7821
440.29,99.0282
472.524,110.523
411.693,72.0261
467.595,101.04
466.625,100.958
347.32,109.034
346.996,57.1017
348.818,58.1864
518.123,96.669
544.989,99.1528
545.424,99.3727
528.678,101.91
517.372,94.0782
517.3,77.8574
516.439,77.3915
528.732,101.636
517.447,92.6337
573.312,58.1718
529.007,73.672
516.614,83.9778
535.762,94.1597
579.651,105.021
578.677,104.711
585.427,99.2405
579.858,94.6418
536.739,89.355
565.301,100.155
501.039,95.0944
579.923,65.5321
559.449,104.55
543.705,67.2479
545.181,79.1094
576.526,79.9291
576.09,80.0259
542.683,72.5033
565.298,87.8394
585.416,84.5587
583.631,87.7481
508.627,103.54
534.965,82.0817
537.571,74.3216
527.661,92.9489
563.125,65.4482
539.396,113.517
517.569,112.537
564.415,116.588
496.697,111.583
529.833,86.1748
759.486,26.2075
761.443,24.6882
724.267,11.0849
746.148,18.3124
768.687,15.6347
739.55,21.3079
738.506,23.2447
724.977,20.1345
783.673,115.107
739.598,24.8374
750.456,21.5581
736.856,20.1875
687.92,14.697
656.363,11.7394
786.847,110.207
675.784,15.0975
707.231,18.0947
675.301,17.099
716.859,21.1886
685.739,18.096
645.644,10.7657
706.357,20.0839
666.71,12.7366
752.901,21.2286
665.39,14.0937
694.13,19.0266
695.84,19.0874
698.389,15.7313
139.652,221.854
81.9809,221.712
84.1905,196.983
109.489,230.689
109.558,225.603
130.002,200.945
89.625,196.746
140.876,237.037
78.4211,135.375
81.6196,137.421
83.0506,139.415
127.788,212.513
141.9,180.053
79.4,169.631
80.3332,191.427
82.4893,167.621
98.8407,229.455
80.3776,202.621
84.051,165.83
115.675,210.73
142.468,180.179
114.498,210.429
145.044,176.846
128.52,210.578
138.761,205.317
47.5309,228.64
47.3479,227.719
151.448,184.832
127.709,224.407
76.4806,211.893
55.4956,210.638
129.721,222.722
77.1475,230.043
66.7016,230.61
137.411,230.482
79.6079,180.667
79.1793,180.83
101.548,220.728
119.433,195.709
66.1859,227.481
179.738,197.8
173.06,221.836
180.047,182.213
175.389,198.199
236.889,198.453
235.177,221.887
241.372,157.206
180.436,182.116
184.904,212.151
253.558,183.235
252.226,183.247
255.3,212.432
185.363,230.065
187.079,230.391
234.563,142.928
235.438,143.067
190.56,221.544
233.39,193.408
232.414,172.604
233.394,203.623
184.219,164.515
256.082,230.129
189.935,220.628
252.368,198.616
187.585,139.374
189.687,138.252
185.757,186.172
253.628,198.669
192.197,236.754
253.689,133.711
255.581,186.736
256.531,221.921
181.632,211.354
220.403,183.229
251.983,143.318
250.361,145.143
172.037,185.308
254.682,171.899
223.906,183.145
255.586,194.855
446.182,228.883
444.318,234.275
411.47,226.073
416.049,219.178
414.339,151.162
384.574,234.349
546.59,192.777
534.916,225.19
534.699,227.814
581.311,229.875
535.083,224.723
575.966,173.972
569.185,191.839
571.551,193.032
569.343,191.924
558.385,124.711
554.963,229.856
551.759,221.332
530.217,229.807
553.995,227.929
555.578,226.965
578.716,209.815
551.073,209.514
523.397,234.679
536.25,214.323
538.823,212.44
514.99,228.72
538.456,213.277
538.891,207.181
537.562,210.776
546.188,232.359
536.23,218.128
514.394,225.266
559.508,198.969
569.598,224.174
510.267,229.99
571.268,223.684
559.161,199.327
544.779,215.262
544.452,216.462
573.975,213.067
538.07,220.702
564.516,198.826
500.246,227.19
501.133,231.171
537.167,189.893
751.874,174.431
733.666,134.206
783.076,149.092
736.192,146.434
761.223,189.139
754.348,187.534
774.703,126.83
761.757,153.735
760.886,157.472
776.28,128.42
778.016,145.73
772.722,138.818
773.773,135.999
774.413,134.078
774.214,158.188
783.264,154.8
772.873,154.969
760.49,213.337
729.595,154.038
83.2086,251.332
95.7619,243.835
140.094,251.047
87.8891,242.748
43.8746,330.586
76.6822,243.885
94.5684,252.649
78.0244,317.762
137.102,243.045
64.3046,248.982
83.7281,327.229
61.4472,251.317
83.4437,351.435
54.1825,337.704
81.7877,334.261
59.8336,267.509
75.2846,334.428
62.0781,261.572
58.1385,254.885
11.7636,347.322
68.8719,312.811
66.7336,261.202
78.2769,344.754
241.075,253.593
240.525,258.603
187.678,242.762
174.576,251.681
175.182,252.319
235.361,249.441
257.3,250.524
250.939,241.578
248.484,241.441
180.856,309.355
241.526,334.61
446.564,252.34
446.089,249.966
447.735,253.665
449.398,258.651
444.957,247.111
451.434,263.822
413.642,292.528
410.514,291.562
407.592,290.672
388.066,289.396
634.344,285.786
579.116,352.133
524.001,331.982
524.392,332.065
567.21,352.115
536.696,331.461
551.822,354.185
572.772,346.203
604.44,340.927
543.292,352.941
544.818,347.484
618.827,351.447
563.192,245.652
550.976,324.236
634.544,349.866
604.152,345.186
552.687,334.061
609.08,292.366
604.739,350.743
543.933,347.126
553.615,332.985
567.209,340.018
552.306,333.026
562.012,248.692
636.821,350.693
602.2,297.649
553.246,336.237
602.53,296.186
569.408,240.88
543.977,322.083
550.029,329.766
566.23,325.648
561.228,251.831
634.516,304.14
585.978,330.415
560.97,321.791
559.816,251.914
543.179,340.895
561.79,344.218
578.695,333.015
686.552,294.39
658.424,332.867
753.402,298.312
753.204,310.554
645.687,351.414
780.274,342.929
780.636,287.649
778.045,289.504
772.522,342.017
649.746,333.173
642.566,285.271
782.285,317.219
643.378,292.77
655.437,321.174
767.635,358.327
781.126,357.342
670.183,328.669
669.335,328.933
667.183,330.913
686.117,305.121
653.132,315.137
761.848,282.153
760.105,278.65
663.943,327.695
774.918,323.886
648.51,324.974
675.099,310.585
764.59,317.262
664.215,346.822
775.441,325.718
766.678,286.308
666.458,344.896
757.83,340.782
758.435,343.425
654.217,307.664
755.858,340.192
657.356,304.013
661.456,349.424
757.278,321.146
722.04,356.191
79.1283,398.632
80.6077,395.559
78.5821,398.798
65.2729,381.305
32.08,407.849
144.197,390.433
47.8084,404.861
65.1036,382.333
84.4904,383.966
70.6171,399.672
86.838,386.464
74.4992,388.551
73.0097,403.018
57.7004,389.821
38.207,400.751
79.507,361.094
46.511,397.886
33.5613,400.577
54.9929,392.594
79.8055,383.712
69.866,412.042
32.8526,391.185
39.2427,380.23
67.3435,411.483
31.8551,395.802
39.0374,379.643
39.3401,376.911
41.0541,413.604
72.3659,413.769
97.9792,392.203
97.2056,393.612
54.4535,412.078
27.5478,418.254
130.568,387.904
104.997,388.079
18.1447,395.302
154.438,388.716
136.301,391.402
65.2496,393.772
41.5199,413.055
244.284,379.713
179.466,386.15
177.507,387.715
261.151,382.687
270.215,421.625
272.219,420.202
250.823,405.052
169.444,389.356
167.786,386.322
231.226,388.558
262.024,402.889
190.523,395.801
182.157,393.643
187.4,397.745
266.968,389.221
184.018,395.479
447.284,362.39
449.307,374.308
450.351,410.366
455.417,387.308
452.348,432.966
451.348,396.85
451.384,446.458
454.554,430.012
452.747,377.847
454.563,450.72
453.617,379.002
455.662,452.119
457.485,457.017
446.037,440.284
444.988,404.365
443.314,369.253
416.212,371.407
418.241,437.755
423.204,444.841
442.755,442.395
441.993,405.377
420.464,365.717
594.464,366.744
595.403,369.787
623.628,370.626
562.9,372.005
620.538,369.678
579.971,362.811
618.176,367.305
572.887,365.414
593.692,394.32
536.602,417.809
590.792,375.548
594.954,442.897
582.118,392.645
588.407,388.531
537.416,416.348
590.256,437.228
489.41,407.47
531.313,380.456
536.598,386.369
524.96,384.7
580.046,394.186
582.32,441.61
537.689,429.957
532.934,424.462
632.965,361.242
526.515,415.991
534.354,467.735
526.637,455.541
585.17,382.586
581.942,426.818
484.825,374.193
596.629,396.019
540.836,456.74
489.924,379.728
539.097,473.845
597.923,444.712
614.893,360.722
507.441,434.914
567.089,367.1
552.857,369.846
742.881,396.12
756.765,395.948
735.25,377.754
749.891,409.789
721.198,370.353
662.497,367.759
711.807,383.965
683.635,363.362
681.342,365.589
711.844,391.162
666.924,459.164
665.48,404.403
760.73,388.781
715.959,361.158
666.466,446.252
667.956,444.916
654.086,402.665
660.182,398.703
712.225,388.308
712.287,387.622
739.86,418.907
740.825,416.987
764.008,385.639
655.51,456.64
653.752,457.832
693.543,379.425
651.822,404.323
662.194,453.375
738.907,419.455
763.932,387.455
667.987,406.559
729.037,426.358
669.764,441.979
751.15,438.116
727.574,427.784
693.502,377.652
669.717,461.163
681.795,377.456
713.314,361.061
763.764,382.994
142.554,573.957
455.027,504.962
457.689,502.201
431.158,499.828
432.609,499.338
445.891,505.876
419.543,495.09
458.045,512.128
459.31,512.663
422.791,503.342
465.642,513.274
422.385,503.379
416.191,493.376
461.951,512.882
413.162,488.53
417.16,490.224
446.479,518.685
535.713,510.233
596.799,526.738
597.456,525.566
585.189,536.793
541.491,546.271
540.659,547.291
593.346,533.775
596.247,491.421
591.865,485.653
585.331,488.103
597.727,540.243
494.446,523.873
552.33,536.502
599.393,522.707
539.939,504.192
601.763,571.312
581.581,537.274
533.86,549.095
591.441,576.273
582.776,515.479
582.2,491.047
583.373,515.944
539.428,517.278
495.636,521.213
589.719,528.308
588.619,480.88
599.018,493.122
585.158,498.635
600.549,541.877
561.109,537.957
486.989,526.667
590.136,504.232
602.709,496.089
601.226,544.177
573.15,538.452
526.136,537.03
604.214,496.843
509.463,515.403
582.378,497.66
528.87,520.351
753.965,541.941
743.088,539.297
751.705,490.275
741.091,539.622
740.529,540.008
658.813,564.527
657.474,564.599
670.178,553.784
669.61,499.474
668.603,514.015
670.062,568.762
656.029,511.828
664.189,507.918
654.221,513.268
652.949,513.248
671.332,496.66
665.994,562.409
672.95,551.379
686.23,539
671.311,515.939
652.381,564.712
662.225,556.845
741.578,489.025
673.602,573.018
660.658,503.023
674.912,574.118
657.398,518.605
742.531,490.712
673.858,518.98
727.572,542.591
750.51,526.461
663.953,570.739
662.371,524.223
749.913,498.571
677.138,523.798
656.811,497.743
660.907,526.813
658.307,550.969
747.924,524.082
659.767,553.029
