416.372,76.1579,138.884,71.7573
400.801,63.4772,127.042,53.8525
400.581,63.9196,126.688,54.2028
383.959,31.0873,118.73,15.9655
334.282,103.935,41.7473,68.9347
399.105,20.5231,137.426,11.5027
376.927,83.4189,95.5486,64.5208
388.697,61.8421,114.776,47.7641
378.838,83.009,97.6541,64.8133
439.146,74.8456,162.675,78.6346
412.87,90.222,132.095,84.3068
411.443,92.748,129.892,86.2628
463.545,66.8669,191.18,79.831
412.036,92.124,130.686,85.8647
462.022,69.2138,188.99,81.5327
409.816,96.5059,126.887,89.3224
462.696,68.7593,189.797,81.3362
460.211,73.1722,186.054,84.6747
386.751,57.5179,113.952,42.805
444.192,58.1989,173.995,64.6614
416.159,60.0672,143.249,56.0725
384.037,72.9158,106.489,56.8599
396.254,77.5244,118.145,65.8824
395.229,82.1164,115.763,70.0062
442.734,58.7341,172.355,64.649
387.41,74.2518,109.576,59.403
403.096,26.4342,139.397,18.6617
383.715,72.143,106.379,55.9829
389.959,50.9311,119.25,37.5788
395.794,36.9644,129.423,26.1963
381.895,90.133,99.1916,73.0049
431.25,65.8199,157.307,67.134
329.787,90.386,40.864,53.6222
453.86,56.5133,184.295,66.5206
427.1,50.0067,157.402,50.3689
393.435,37.0221,127.001,25.3671
378.246,74.1145,100.023,55.8952
327.389,88.6122,38.7197,50.9238
495.423,15.7154,236.796,42.9255
519.732,40.7383,253.591,74.8274
518.205,43.018,251.513,76.4221
516.473,46.9768,248.785,79.5141
508.433,29.981,245.578,60.8667
523.1,30.4254,259.568,66.4136
500.073,31.1672,237.148,59.0241
498.767,31.6679,235.74,59.0303
508.923,30.0491,246.033,61.1026
483.953,23.0551,223.578,45.6662
488.309,38.0417,223.774,61.3017
557.841,116.546,269.863,157.945
436.088,211.14,121.251,210.702
419.455,176.914,113.664,171.594
436.137,210.068,121.609,209.657
454.503,218.996,137.476,224.036
411.872,226.878,90.5528,218.827
423.941,206.17,109.873,201.992
435.334,168.579,132.512,168.525
446.505,228.555,127.277,231.104
446.002,230.732,126.13,233.105
422.63,204.7,108.874,200.118
445.561,210.242,131.163,212.72
423.724,201.142,111.129,196.939
426.261,199.419,114.257,196.03
432.029,184.481,124.653,183.112
464.722,202.828,152.74,211.295
431.975,185.381,124.345,183.982
442.458,174.989,137.599,177.065
430.135,187.125,121.972,185.119
452.89,210.397,138.274,215.089
429.838,221.894,111.513,219.427
413.199,219.323,94.5122,211.711
433.802,173.542,129.89,172.94
434.119,173.382,130.265,172.885
426.058,197.955,114.463,194.516
430.267,222.501,111.784,220.161
472.188,220.386,155.274,230.71
439.183,180.294,132.634,181.219
469.363,217.085,153.403,226.641
416.945,233.329,94.3919,226.859
443.585,199.357,132.234,201.391
456.446,201.484,144.548,207.435
448.689,205.203,135.382,208.689
572.041,167.842,269.808,210.128
571.74,167.796,269.534,209.997
574.695,167.525,272.404,210.611
568.56,135.4,275.047,178.812
566.12,134.661,272.935,177.379
578.972,155.564,279.575,200.714
543.398,127.001,253.309,163.195
579.033,154.958,279.791,200.167
535.168,178.879,231.4,209.615
576.059,184.885,269.126,227.251
551.088,128.528,260.267,167.023
622.312,174.279,314.954,230.552
499.033,212.324,186.345,230.929
535.784,177.851,232.28,208.823
557.2,194.431,248.573,230.801
549.871,120.903,261.128,159.514
558.487,193.139,250.156,229.952
556.184,196.971,246.914,232.908
621.105,176.786,313.209,232.522
498.161,214.99,184.72,233.25
525.93,129.295,235.807,159.857
497.962,214.613,184.624,232.827
556.1,196.618,246.927,232.55
628.831,166.945,322.765,225.646
553.58,126.771,263.11,166.155
546.744,163.0,246.907,198.063
576.828,139.661,281.718,185.28
564.154,187.154,257.187,225.948
506.189,205.221,195.52,226.189
536.21,136.937,243.722,170.286
554.334,201.869,243.816,237.01
550.114,182.369,244.969,217.343
510.459,161.639,211.809,185.704
551.317,206.359,239.689,240.402
574.062,178.025,269.04,220.249
611.816,149.254,311.723,204.515
572.594,178.352,267.561,220.129
544.449,148.404,248.602,183.622
523.269,184.133,218.303,211.06
559.727,165.75,258.64,204.531
404.885,353.424,44.8184,345.075
390.409,345.114,30.2949,332.633
428.026,345.866,72.4249,343.461
389.555,344.262,29.5965,331.522
377.439,284.376,34.5095,266.518
384.915,340.831,25.4226,326.714
376.358,287.025,32.4726,268.911
376.057,288.635,31.6347,270.473
373.02,294.213,26.4744,275.302
371.706,300.265,23.1023,281.142
439.125,355.497,80.8703,356.134
382.924,275.769,44.096,259.391
370.65,302.517,21.2023,283.153
383.017,275.646,44.2328,259.293
505.316,311.732,164.762,329.557
536.328,304.073,198.273,330.083
524.006,349.458,173.184,371.329
522.804,346.85,172.695,368.473
523.691,306.226,184.989,328.926
547.803,343.876,198.72,371.625
509.889,340.367,158.951,358.911
509.572,342.01,158.734,360.453
534.267,349.428,183.589,373.785
541.978,313.226,201.38,340.401
541.804,313.271,201.194,340.401
521.982,309.909,182.233,332.08
601.055,308.909,260.123,350.879
512.212,335.929,164.969,355.113
536.411,325.628,192.379,351.063
600.907,308.073,260.204,350.049
502.885,353.591,150.344,370.247
513.049,306.56,174.115,326.495
518.569,322.466,175.251,343.49
630.853,277.836,296.261,328.903
521.465,318.296,179.36,340.144
499.153,324.891,153.202,340.915
600.491,319.957,256.656,361.248
594.712,299.15,256.657,340.054
565.045,343.146,216.019,375.043
542.39,310.051,202.667,337.426
543.739,328.053,199.039,355.24
563.295,343.273,214.258,374.749
519.193,320.857,176.337,342.073
509.963,326.333,165.384,345.104
595.92,355.394,242.814,394.043
497.538,323.649,151.956,339.273
538.044,344.046,188.896,369.434
613.525,303.938,273.26,349.194
564.737,340.195,216.521,372.115
611.323,304.256,271.097,348.961
512.999,294.776,177.378,314.959
613.533,309.139,273.917,354.114
635.661,347.924,282.57,395.927
609.547,304.732,271.295,348.987
686.222,314.036,337.569,375.673
675.818,274.987,338.004,337.232
694.865,319.473,343.947,382.638
687.517,297.894,342.76,361.083
684.033,297.725,339.684,360.12
683.453,322.779,332.888,383.133
675.847,277.349,337.439,339.414
688.626,300.135,343.193,363.403
679.22,322.432,329.157,381.859
679.299,322.322,329.256,381.775
656.013,277.736,319.407,334.982
652.824,314.693,307.072,368.619
656.539,272.552,321.2,330.306
677.781,284.585,337.364,346.542
646.653,271.679,312.4,327.068
677.388,286.597,336.507,348.303
646.812,274.667,311.783,329.884
680.629,286.149,339.527,348.657
648.923,299.237,307.442,353.274
656.349,329.129,306.617,382.923
665.974,318.981,318.013,375.647
691.032,287.479,348.487,352.327
662.998,268.899,327.982,328.508
663.068,328.016,313.062,383.406
647.978,301.964,305.875,355.595
724.648,302.973,374.283,374.193
710.322,318.551,357.899,385.233
739.144,332.855,379.628,404.566
661.493,347.361,306.679,401.141
724.971,300.543,375.156,372.054
711.767,316.472,359.686,383.647
663.229,344.719,308.948,399.051
714.917,337.088,357.387,403.25
737.444,335.243,377.573,406.38
717.354,338.834,359.108,405.377
712.818,315.497,360.852,382.988
733.763,306.22,381.417,379.177
396.372,385.589,25.5781,376.053
407.421,383.235,38.7479,376.422
394.366,385.881,23.2161,375.845
408.706,399.328,40.856,393.268
437.422,380.057,72.9351,380.685
453.367,377.922,90.905,382.456
451.453,376.454,89.2743,380.496
434.785,382.487,69.3135,382.51
535.776,364.81,180.811,389.225
507.809,369.632,150.85,387.347
534.5,366.897,178.935,390.974
509.827,371.104,152.514,389.288
510.497,371.973,152.958,390.309
461.927,494.208,65.3175,503.356
465.836,494.556,69.4992,504.499
462.765,494.111,66.2672,503.424
473.682,500.581,76.256,512.263
456.17,499.955,57.2329,508.151
511.253,493.048,118.804,511.891
508.816,491.947,116.549,510.302
567.187,491.383,177.14,520.836
484.877,506.614,86.6037,520.642
542.574,502.319,148.864,527.185
629.318,489.623,239.082,530.425
541.229,505.58,146.54,530.213
542.434,502.685,148.615,527.527
604.179,504.356,210.533,540.36
605.41,501.33,212.575,537.606
544.761,497.252,152.568,522.508
605.603,501.069,212.837,537.384
540.375,507.342,145.151,531.828
603.394,506.179,209.258,542.014
698.797,487.616,305.072,540.603
674.927,503.155,278.912,551.378
676.246,499.565,281.082,548.161
777.066,485.353,375.557,551.471
755.012,501.498,352.266,562.908
756.275,497.628,354.338,559.504
754.2,503.386,351.081,564.54
