535.084,108.7,41.218,133.476
610.479,86.5927,103.681,89.7632
561.895,84.6999,57.5745,102.07
561.937,84.9454,57.7104,102.295
603.491,115.284,108.176,119.082
595.515,79.9822,87.3391,87.7339
559.212,78.0419,52.412,96.4067
578.068,93.0759,75.2486,105.254
544.013,77.4014,37.5691,100.276
567.718,111.294,72.209,125.852
599.539,79.3548,91.0532,86.019
542.451,77.1702,35.9683,100.515
557.177,89.0138,54.7697,107.65
551.342,93.4637,50.9424,113.714
527.292,118.115,37.4128,145.081
605.678,106.299,106.767,109.9
602.943,106.329,104.603,110.778
593.978,112.009,98.5058,118.834
576.701,71.6619,65.2766,84.9336
577.802,83.1359,70.9957,95.7316
545.451,75.8568,38.3462,98.3424
575.803,82.3088,68.66,95.4972
544.421,82.9422,40.1525,105.557
575.96,112.348,80.8604,124.429
569.926,104.432,71.6631,118.576
605.446,79.3749,96.6445,84.3761
607.713,80.2989,99.0813,84.6124
580.885,96.5409,79.4419,107.785
575.24,110.032,79.2177,122.413
568.818,85.0425,62.7358,100.132
570.873,101.154,71.2943,115.133
564.138,73.3058,55.2535,90.3712
765.499,87.0095,266.118,55.675
758.473,79.1452,258.601,50.7578
719.987,87.4329,200.559,60.434
671.943,90.2498,159.437,75.8426
679.956,83.0356,164.119,66.9966
729.675,83.9806,236.179,61.811
689.115,79.0103,171.024,60.8745
746.226,94.3776,252.695,66.6757
746.706,97.6959,253.983,69.3908
668.624,81.9967,153.223,68.9883
756.784,86.4398,259.711,57.4947
747.562,87.7045,252.47,60.7787
703.037,104.737,192.114,80.8465
660.92,112.13,186.405,104.146
784.306,103.989,286.979,65.8257
709.738,114.141,201.422,87.6964
663.713,96.7603,154.544,84.1891
745.585,89.0999,251.301,62.4667
710.058,100.081,196.654,74.7037
778.666,86.073,276.009,51.6293
776.94,94.4483,278.067,59.4314
667.569,108.013,162.109,93.6165
711.587,88.4833,193.793,63.6293
668.275,106.133,162.052,91.6691
645.965,109.137,144.195,100.917
664.98,92.3542,182.822,85.3157
469.148,171.786,1.64426,216.937
516.201,205.793,60.5661,233.745
568.226,126.414,78.7859,140.269
509.895,197.201,51.0954,227.627
574.668,219.61,121.752,226.913
551.111,200.084,92.0138,216.333
502.972,219.433,53.0512,251.574
583.724,216.42,154.448,220.854
501.062,218.214,50.7519,251.073
500.736,217.272,50.1955,250.272
519.65,215.71,67.7715,242.096
598.08,227.664,172.199,226.392
538.113,198.119,79.0876,218.844
537.397,211.506,83.5175,231.9
537.912,198.376,78.9273,219.158
529.279,237.124,85.9291,259.201
597.315,227.683,171.508,226.656
534.071,221.833,84.4963,242.918
502.987,198.889,45.0727,231.663
591.264,125.91,101.333,132.889
532.496,216.989,80.9877,238.837
545.902,214.664,92.7509,231.997
527.858,229.423,81.3421,252.356
559.259,232.718,112.293,244.538
513.058,219.398,62.8988,247.963
533.439,216.87,81.8878,238.395
595.365,231.497,171.145,230.718
530.201,221.147,80.3576,243.616
526.047,201.419,68.2672,226.13
504.0,234.18,60.0275,265.439
541.634,196.402,81.6763,216.009
497.85,226.173,50.9175,259.918
579.074,138.944,94.5322,148.988
499.32,205.99,44.3287,239.838
532.712,132.189,48.2112,157.053
579.81,132.346,92.6388,142.459
537.866,140.433,56.0746,163.374
549.698,224.351,100.182,239.906
712.945,145.11,214.66,115.029
713.435,145.031,215.065,114.821
745.414,131.768,265.431,99.492
737.767,149.351,237.365,111.978
737.432,148.493,236.787,111.296
664.161,139.576,170.883,123.964
719.029,128.61,214.008,98.2871
754.414,137.047,274.049,101.655
777.392,126.167,263.522,80.7563
755.068,136.377,274.243,100.889
753.955,133.861,272.853,99.0749
767.387,138.787,285.202,99.8724
660.453,134.972,165.724,120.737
766.981,135.819,284.131,97.4802
784.864,128.228,270.521,80.6871
782.922,121.437,266.515,75.1204
705.091,132.512,204.057,105.819
735.064,131.539,228.866,96.6042
725.203,153.29,228.422,119.091
665.214,127.261,167.208,112.213
754.883,127.913,271.679,93.7251
724.969,154.677,228.72,120.415
723.924,158.945,229.354,124.579
650.253,142.482,160.315,130.816
779.206,141.95,296.879,99.8389
657.828,122.231,158.744,109.633
727.523,137.835,224.846,104.409
670.447,158.315,183.675,139.514
664.912,150.119,175.542,133.533
743.986,168.221,248.747,127.184
667.418,153.259,179.017,135.718
740.623,163.135,244.029,123.53
728.357,138.076,225.664,104.403
433.156,320.374,26.0025,376.064
432.724,320.142,25.6328,375.987
416.038,334.05,14.5787,396.467
435.42,277.195,10.7076,333.014
448.391,341.257,49.7511,389.958
424.76,329.279,21.3505,388.176
425.823,330.917,23.02,389.34
427.088,308.165,15.1482,366.615
436.015,265.687,6.72153,321.488
426.067,332.599,23.982,390.868
437.814,303.904,24.0084,358.134
437.782,302.79,23.506,357.065
412.319,326.903,7.84845,391.054
427.567,308.554,15.8006,366.797
437.086,300.805,22.1194,355.393
422.847,298.044,6.60733,358.461
443.635,348.951,48.1931,399.339
447.134,294.269,29.653,344.992
497.342,245.558,58.1143,278.827
573.718,260.533,161.757,264.104
573.471,261.166,161.781,264.759
505.186,251.658,68.0605,281.831
592.133,253.429,176.349,251.491
533.782,254.557,96.8819,274.201
541.756,251.563,103.174,268.512
515.676,253.339,78.7214,279.619
587.908,273.114,180.138,270.534
556.481,247.798,115.494,259.748
542.401,244.73,101.092,261.805
539.011,243.546,97.4535,261.879
591.495,264.426,178.918,261.618
518.526,245.581,78.3923,271.162
489.729,245.309,50.6499,281.379
528.121,248.026,89.0042,270.016
628.571,285.7,193.222,270.02
517.171,249.509,78.6425,275.411
527.343,261.605,93.5707,283.223
561.602,272.84,130.021,281.476
530.185,243.69,89.2369,265.148
563.108,244.425,120.563,254.243
507.361,245.403,67.68,275.027
503.885,266.634,72.708,296.684
564.941,278.417,135.155,285.51
502.059,266.065,70.7392,296.816
566.16,278.892,160.07,283.43
632.189,291.939,198.85,274.467
553.735,257.902,116.826,270.247
563.939,241.909,120.381,251.584
633.635,292.288,200.291,274.282
568.839,282.314,163.84,285.583
755.704,296.013,303.633,237.199
725.015,289.04,275.612,240.891
738.966,271.489,282.365,220.89
751.569,296.461,300.381,238.908
731.201,253.786,268.35,207.594
731.246,254.124,268.508,207.881
732.354,253.168,269.109,206.687
704.151,287.202,257.642,246.035
766.401,256.44,301.818,199.279
734.547,295.586,285.923,243.603
742.231,295.21,292.205,240.797
704.711,288.371,258.468,246.898
751.327,284.991,297.372,228.895
758.249,266.172,321.704,210.658
766.153,256.849,301.756,199.711
767.779,262.74,328.091,205.0
733.105,297.333,285.33,245.612
734.497,294.79,285.601,242.916
760.197,265.504,323.011,209.526
734.92,290.131,283.512,238.69
780.397,291.23,323.206,225.267
780.661,294.174,348.413,227.406
758.745,269.864,323.316,213.612
768.171,282.588,310.373,221.536
762.651,270.308,326.146,212.831
744.747,285.325,290.043,231.303
720.228,279.129,269.26,233.6
723.685,296.813,277.223,248.216
753.356,257.861,287.597,204.363
752.643,251.303,288.685,198.923
713.173,286.585,265.099,242.537
700.89,280.213,252.769,240.834
779.186,321.251,330.634,251.714
771.918,285.317,314.363,222.754
723.907,262.574,265.272,217.706
783.503,280.227,321.999,214.77
474.392,381.034,90.431,417.235
413.68,373.72,28.7049,435.989
415.752,371.999,30.0615,433.425
468.546,384.955,86.4273,423.398
460.703,386.472,79.5591,428.139
435.362,381.285,53.0676,433.953
427.923,378.48,44.6737,434.445
432.718,372.525,46.9771,426.652
457.285,379.192,73.4187,422.639
553.523,408.427,198.577,403.683
553.505,408.264,198.509,403.544
613.579,424.414,231.315,401.338
614.639,424.534,232.301,401.022
625.66,386.037,227.82,362.161
622.372,387.427,225.495,364.655
622.441,388.614,225.994,365.697
549.629,409.687,195.625,406.328
538.45,385.891,151.742,395.647
558.362,384.978,194.331,381.01
541.507,408.842,187.953,408.84
558.543,383.732,194.036,379.835
563.039,372.512,193.706,368.205
600.844,390.561,207.297,375.862
546.645,388.394,185.021,388.62
527.622,403.661,148.671,416.489
527.411,400.388,147.193,413.55
551.318,366.679,181.193,367.457
556.197,383.119,191.726,380.194
535.148,373.299,144.019,385.258
563.555,379.615,196.492,374.371
555.651,383.668,191.438,380.894
535.456,403.285,155.591,412.964
610.678,414.256,224.974,393.374
777.008,463.003,406.947,364.319
767.143,429.712,395.33,339.622
724.04,421.788,359.868,347.994
730.695,392.503,355.503,322.134
772.377,406.788,391.999,319.764
731.158,394.11,356.435,323.267
646.477,390.198,272.625,352.492
731.255,409.067,361.501,335.253
773.66,475.146,402.829,376.911
781.313,404.073,397.622,314.75
742.467,411.805,371.204,333.62
774.078,437.628,402.789,343.584
760.267,456.165,396.798,363.349
760.602,456.258,397.067,363.31
761.041,451.029,395.831,358.996
737.855,405.965,365.717,330.506
757.891,432.857,389.525,345.193
749.931,468.808,383.138,380.189
435.995,491.746,119.454,529.819
436.535,491.806,119.939,529.645
417.725,510.557,109.931,555.342
418.44,510.332,110.548,554.787
419.977,508.276,111.25,552.162
408.673,510.237,98.3303,560.577
423.296,483.852,102.353,529.226
403.756,517.574,114.774,561.505
362.671,515.982,105.283,566.034
413.2,506.381,101.307,554.806
339.451,506.949,78.7516,569.439
362.248,516.5,105.229,566.622
500.683,540.646,214.266,536.078
497.582,541.034,211.842,537.726
499.251,490.846,183.605,498.126
551.274,541.44,254.969,516.024
549.096,549.57,257.434,523.166
488.686,490.399,145.185,513.904
489.869,491.792,146.876,514.635
586.159,491.842,261.321,461.558
619.03,487.979,287.434,444.979
539.28,553.115,251.595,529.85
485.957,542.855,202.767,544.288
569.461,518.819,256.709,491.567
615.811,485.371,283.815,444.08
616.665,488.884,285.796,446.686
551.668,506.821,236.994,488.908
547.935,516.824,239.475,498.211
591.754,494.884,267.151,461.841
551.696,504.385,236.132,486.799
491.041,535.944,203.855,536.44
550.906,504.353,235.428,487.112
781.24,491.144,419.182,384.953
748.085,493.563,397.277,398.028
751.664,492.925,401.494,395.585
757.774,492.698,403.086,394.272
780.419,501.764,423.119,393.12
655.822,503.934,322.865,443.737
654.285,501.325,320.731,442.183
778.17,500.517,420.947,392.997
