108.88,85.0295,183.985,216.906
63.4182,114.76,131.37,221.883
47.6862,79.971,132.956,188.585
125.992,87.666,197.751,226.083
40.9454,58.7772,136.647,168.519
144.86,81.0793,217.167,227.929
75.3099,83.0854,155.506,202.271
73.7191,84.748,153.38,203.024
73.9723,96.8381,148.182,213.218
108.593,34.1753,205.785,174.897
108.324,35.0341,205.184,175.493
185.938,112.276,239.891,270.965
292.122,44.1955,361.715,255.648
164.193,114.928,219.462,264.591
283.864,86.112,337.642,288.229
238.433,58.5332,308.731,246.281
180.474,70.3461,252.947,233.116
299.454,88.6091,350.544,296.591
222.017,58.0297,294.433,239.594
297.794,89.8114,348.581,296.961
185.008,79.7689,252.944,242.868
265.3,94.8155,317.635,288.096
387.434,97.5478,425.726,340.616
387.494,98.2647,425.504,341.274
342.02,111.819,379.275,334.559
342.21,109.453,380.386,332.548
386.884,76.0458,433.555,321.248
415.003,14.8972,479.214,285.768
345.56,35.7297,412.162,269.796
414.74,25.1492,475.248,294.404
384.009,61.8496,436.338,307.831
341.496,98.3194,384.241,322.202
364.277,90.8112,407.571,325.052
388.502,86.9224,430.779,331.652
467.932,68.9692,510.079,345.414
366.17,91.8915,408.849,326.774
402.554,50.0436,457.319,305.122
403.802,50.7854,458.155,306.268
377.725,108.965,412.639,346.491
407.945,77.9976,451.667,331.668
376.329,104.938,412.94,342.368
357.812,38.1096,422.053,276.85
330.837,115.215,367.95,332.699
429.958,79.3945,470.971,341.824
468.919,106.015,496.845,380.354
351.712,83.9301,399.035,313.79
501.373,67.3642,540.905,357.677
493.828,63.8468,535.255,351.654
523.484,101.626,548.924,397.351
578.082,51.3026,617.319,371.93
576.29,23.8183,624.692,347.259
511.323,62.3256,551.797,357.037
484.913,104.803,512.093,385.308
575.68,53.9014,614.119,373.591
590.464,57.5705,626.607,382.403
595.264,47.6086,634.415,375.199
595.133,115.135,611.377,436.84
490.624,47.6269,537.963,336.463
712.94,77.7339,734.766,447.917
689.597,22.4358,730.219,387.946
706.534,84.7208,726.592,451.761
749.102,111.541,758.543,494.207
705.278,116.078,715.446,480.729
708.985,106.377,722.048,473.072
693.109,39.3792,728.219,404.675
680.966,33.0922,718.915,394.185
679.576,86.4157,700.436,443.13
702.053,78.3694,724.42,443.968
683.041,31.7435,721.275,393.745
695.983,104.696,710.335,466.136
686.756,91.0928,705.949,449.785
694.816,73.4027,719.192,436.479
693.269,40.0386,728.164,405.337
22.7504,197.443,56.1468,278.585
46.2331,144.848,101.978,242.349
99.2984,174.25,135.211,289.734
27.761,180.016,69.053,265.129
18.994,149.562,75.8225,235.344
142.175,124.929,195.646,264.122
102.633,134.717,156.333,256.509
134.733,150.704,177.518,283.527
45.8671,159.322,94.8743,254.633
109.283,213.646,125.782,328.729
73.3866,142.659,126.905,251.478
134.347,151.905,176.635,284.414
171.881,156.454,208.008,303.942
235.211,140.56,271.57,315.993
243.146,159.616,270.549,336.138
234.725,126.646,277.059,303.546
281.252,202.386,286.812,390.456
251.322,165.934,275.211,345.168
246.773,172.086,268.46,348.785
273.676,212.019,275.73,396.075
313.728,178.826,326.363,382.835
318.376,211.017,317.12,414.192
274.605,208.453,278.126,393.191
314.001,176.302,327.678,380.616
272.545,212.166,274.632,395.731
185.072,192.205,203.908,341.12
314.623,197.478,319.414,400.071
298.899,157.998,321.571,357.847
276.284,136.875,310.049,329.409
219.578,188.385,236.822,351.926
433.425,203.318,426.479,456.269
434.616,212.841,423.793,465.788
413.627,216.228,402.932,459.925
412.545,217.121,401.566,460.303
437.183,227.651,420.267,480.973
448.716,190.975,445.542,451.16
430.844,179.892,433.362,433.172
355.077,135.171,381.751,360.723
340.909,227.56,331.172,438.373
454.212,199.996,447.119,461.992
449.283,145.052,463.836,408.712
350.339,141.267,375.013,364.229
425.28,177.527,429.154,428.629
406.383,172.706,413.699,416.079
407.877,147.967,424.724,394.268
460.83,222.727,444.38,486.373
463.03,215.283,449.39,480.157
568.581,125.977,582.299,437.386
576.086,139.586,584.547,453.042
514.997,235.157,491.021,520.445
511.935,231.82,489.345,516.043
608.414,130.609,618.449,456.735
620.902,213.064,601.356,541.098
522.408,138.394,534.642,430.682
577.604,134.971,587.615,449.298
516.505,200.965,505.641,487.742
520.266,147.869,529.175,438.627
533.105,222.077,513.55,514.555
521.192,184.189,516.583,473.152
606.175,140.349,612.976,464.984
535.523,214.211,518.822,507.937
511.677,176.358,510.372,462.348
618.067,222.089,595.4,548.788
523.071,206.148,510.082,494.941
665.283,130.881,672.168,479.685
671.848,150.448,671.906,500.98
749.356,159.782,743.258,541.673
710.597,121.602,718.717,488.158
721.7,211.732,699.936,580.725
713.579,136.895,716.634,504.012
724.295,226.063,697.67,596.229
751.679,162.712,744.531,545.577
650.711,153.065,650.783,495.128
684.115,147.897,684.653,503.107
783.018,137.837,783.133,533.016
689.088,224.978,663.282,581.134
661.72,159.367,659.21,505.504
702.361,226.781,675.795,588.12
111.96,298.208,87.6549,407.029
97.3172,289.443,78.5404,392.56
70.8292,312.256,42.8893,402.58
99.77,290.946,80.0461,395.01
78.9029,297.243,57.8051,392.037
24.3768,286.979,13.3197,359.088
132.336,324.015,93.7649,440.152
104.975,254.116,103.15,361.419
138.093,250.206,134.692,373.664
135.917,253.265,131.262,375.547
124.034,275.747,109.677,391.178
93.1394,341.625,48.614,440.046
11.8496,246.249,22.4698,317.049
127.874,345.832,78.7664,459.188
93.2785,340.597,49.2637,439.125
125.006,254.42,120.78,371.976
307.449,301.071,267.716,494.95
307.569,301.151,267.793,495.08
300.346,268.605,275.513,460.628
273.302,275.198,247.38,455.379
304.529,280.735,274.043,474.045
309.831,314.648,263.859,509.23
198.211,308.919,162.083,454.8
207.662,304.89,172.768,455.07
211.338,318.861,169.587,470.084
288.114,261.066,267.488,448.168
233.766,347.174,177.164,507.472
219.596,324.039,174.843,478.71
225.227,350.925,167.318,507.421
293.228,296.059,256.642,483.854
434.254,263.734,402.93,514.371
420.879,252.437,394.965,497.632
444.939,245.841,420.222,501.788
333.709,311.839,287.676,516.859
432.212,261.163,402.049,511.007
356.628,280.068,323.078,496.187
397.044,264.887,367.446,499.223
431.196,262.748,400.443,512.102
399.379,261.67,370.981,497.137
326.255,305.685,283.385,507.548
339.96,241.566,324.036,452.103
394.601,267.181,364.192,500.371
352.023,285.609,316.361,499.533
469.246,251.391,440.933,517.625
384.16,271.646,352.51,500.114
428.965,267.44,396.426,515.65
629.396,253.431,594.985,584.892
612.014,257.502,576.656,581.517
578.069,252.343,545.32,562.922
593.004,244.522,562.721,561.255
594.778,244.125,564.591,561.583
635.835,266.272,597.788,597.946
140.472,397.587,64.4117,515.335
144.847,394.54,70.0954,514.273
121.939,361.205,65.5042,471.438
151.762,393.472,77.1637,516.317
150.157,383.288,80.7898,505.595
106.764,383.549,39.879,486.616
130.57,368.261,70.0027,482.125
155.151,376.39,88.9881,500.923
124.659,381.252,57.8624,492.213
168.914,380.201,100.016,510.902
