137.562,66.2562,130.659,380.356
48.3025,66.4346,44.899,402.157
80.2278,94.5819,80.0506,421.274
13.8088,64.5036,11.3831,408.699
21.9965,25.9947,13.8876,370.449
48.8523,25.2558,39.3906,363.328
108.56,14.6232,94.5172,339.249
146.623,109.85,146.958,419.689
109.172,64.3557,103.099,385.43
27.7689,34.2388,20.5366,376.743
56.1795,72.9916,53.472,406.484
19.2104,118.015,24.2713,459.087
44.0993,87.6395,44.0296,423.503
40.8666,68.7973,38.1259,406.273
92.8116,53.6858,85.7404,379.4
20.2797,75.9818,19.2892,418.143
46.804,58.1864,42.2833,394.764
46.6292,54.1888,41.5282,391.029
45.0614,54.1301,40.0143,391.353
66.1446,71.4004,62.8362,402.546
88.033,91.2236,87.0725,416.14
150.592,28.4463,136.661,341.971
107.331,27.1797,95.3484,351.128
311.111,67.48,296.746,339.681
205.529,19.7305,187.159,320.895
257.712,94.8397,251.356,378.226
166.167,61.8499,157.339,369.368
228.348,68.0051,217.903,360.081
168.598,95.1909,165.669,400.367
165.938,63.5379,157.376,370.941
257.348,94.2993,250.896,377.803
261.306,66.9618,249.169,351.168
231.691,29.5754,213.732,323.693
285.792,17.1454,262.353,299.539
188.61,28.6124,172.767,333.082
195.435,78.2961,188.331,377.704
290.368,75.5441,278.702,352.24
195.51,80.5644,188.824,379.827
235.146,74.4265,225.652,364.46
307.575,101.117,300.612,372.104
240.005,114.257,238.203,401.028
203.269,77.093,195.657,374.731
455.903,34.4845,425.637,274.205
451.065,57.7924,427.173,297.266
434.391,52.2882,410.099,296.211
381.055,53.5351,360.074,310.156
476.984,34.3695,445.742,269.879
475.063,34.2776,443.919,270.249
339.755,62.7319,322.991,328.478
338.851,94.1963,329.056,357.943
395.751,37.3433,370.19,291.83
462.318,94.8739,447.063,328.654
452.826,41.7393,424.572,281.595
467.371,16.5569,432.358,256.188
328.735,67.7805,313.585,335.73
439.649,67.549,418.738,308.85
466.812,31.1828,435.395,269.355
435.617,56.0331,412.16,299.335
465.288,15.8931,430.252,256.084
380.882,22.8119,352.922,282.222
439.587,67.3123,418.622,308.647
364.889,79.0867,350.522,337.545
464.755,31.4937,433.545,270.123
403.832,74.4582,386.756,324.412
390.62,22.195,361.95,279.431
591.156,70.5257,562.541,275.503
538.009,96.4335,519.506,312.008
513.394,69.3593,488.921,292.927
492.001,66.394,467.783,294.958
598.266,35.5321,559.435,242.391
592.432,41.3703,555.301,248.247
493.061,22.4247,457.789,255.38
540.44,64.4413,513.115,282.006
513.938,67.4056,488.921,291.013
517.76,25.2632,481.598,252.18
587.822,26.2464,547.169,236.648
585.189,26.2162,544.516,236.785
500.887,83.6054,480.843,309.03
621.114,69.9521,590.553,267.877
590.614,41.4373,553.62,248.734
493.603,26.6515,459.358,259.029
500.086,94.046,482.773,318.771
590.321,58.8283,558.508,265.185
530.191,69.6245,504.844,289.172
572.842,93.7268,551.777,301.111
562.695,80.4135,538.456,291.279
503.964,73.3738,481.089,298.904
502.546,78.2221,481.01,303.686
590.407,58.1313,558.394,264.536
503.043,76.2676,480.971,301.775
527.283,35.4009,492.769,258.225
661.903,70.3532,628.972,258.581
687.335,65.9137,651.495,248.639
709.884,69.1885,673.579,246.192
683.641,96.4137,657.342,277.139
743.092,35.7956,694.16,208.773
670.149,74.962,638.09,260.787
754.926,95.9227,724.33,259.718
678.075,70.5001,644.183,254.887
768.235,103.735,739.368,263.539
722.273,59.922,682.313,235.052
642.684,116.119,624.529,304.987
722.841,36.1257,675.484,213.784
722.836,58.301,682.336,233.475
781.898,69.0428,740.827,229.092
688.191,60.2726,650.589,243.386
645.329,77.2766,615.477,268.82
652.096,78.3407,622.156,268.177
779.279,70.6313,738.9,231.126
646.117,79.8141,616.967,270.932
732.264,26.117,681.163,202.863
675.813,16.8841,626.157,207.855
662.481,81.7382,632.915,268.734
698.593,102.226,673.211,278.768
641.843,68.0198,609.459,261.221
754.413,32.9658,703.806,203.777
648.016,78.7795,618.448,269.544
695.87,102.657,670.787,279.849
125.765,199.172,142.391,513.12
100.611,146.51,108.484,466.936
69.0816,147.976,77.7651,476.25
105.089,185.748,119.574,504.9
93.9802,199.789,110.881,521.809
73.9902,152.451,83.3115,479.458
69.969,187.61,85.0436,515.665
99.0772,206.277,117.076,527.113
155.246,183.133,168.741,489.619
45.9113,225.887,67.1389,560.85
95.4153,151.696,104.252,473.356
107.776,183.372,121.752,501.724
64.341,182.471,78.5446,511.792
135.783,133.132,140.552,444.998
53.0458,221.921,73.6612,554.918
103.86,199.623,120.684,519.13
68.8152,199.659,85.7957,528.075
93.4107,153.493,102.582,475.636
156.893,146.048,163.543,452.473
98.1737,232.818,120.794,554.58
86.6124,171.987,98.9653,495.761
64.1431,181.702,78.2238,511.066
44.7315,200.652,61.9393,535.219
104.586,152.772,113.357,472.003
243.485,145.251,247.936,430.216
275.352,182.016,286.853,458.341
273.173,144.974,276.784,422.604
186.883,202.508,203.691,500.99
250.955,134.517,253.002,417.959
173.71,200.198,190.182,502.004
181.134,196.878,196.899,496.781
248.532,150.58,253.952,434.158
267.188,149.967,272.013,428.938
163.969,171.708,175.229,476.048
288.978,219.255,308.483,492.026
179.728,221.626,200.341,522.224
181.498,171.349,192.415,471.298
292.418,135.776,293.468,408.892
191.332,182.991,204.342,480.394
200.74,202.228,217.375,497.199
166.794,207.975,184.807,511.622
218.322,203.506,235.056,494.036
169.013,224.23,190.117,527.558
218.544,201.701,234.907,492.165
169.761,225.614,191.134,528.785
265.748,151.823,271.002,431.102
262.945,202.628,279.028,481.878
220.056,161.091,228.212,451.46
233.959,185.13,246.727,471.708
201.041,204.778,218.183,499.693
389.116,231.524,410.645,478.986
416.671,215.046,433.562,455.386
441.506,213.84,457.712,447.994
354.989,182.119,364.971,438.536
437.49,142.482,435.254,379.402
475.21,191.029,484.616,417.073
356.874,176.626,365.477,432.616
443.762,147.129,442.556,382.428
392.886,206.418,408.035,452.94
389.068,168.5,394.935,416.699
425.297,168.347,430.092,407.464
438.805,198.088,450.821,432.918
428.277,186.637,437.641,424.48
342.033,235.664,364.968,495.128
391.498,206.219,406.62,453.091
448.285,143.334,446.015,377.818
542.995,219.203,558.855,427.865
620.409,176.322,621.406,367.048
501.464,191.225,510.286,410.752
621.452,194.652,627.98,384.298
552.252,211.907,565.764,418.327
552.263,211.841,565.756,418.26
614.057,147.393,606.591,341.167
599.627,190.105,605.423,385.319
624.328,199.124,632.15,387.908
606.289,209.61,617.82,402.568
575.798,144.477,569.006,347.671
586.263,145.745,579.091,345.569
550.964,189.851,558.08,397.111
601.366,167.001,600.232,362.849
496.237,133.963,489.697,357.129
582.38,180.19,585.501,379.466
575.023,157.332,571.654,359.303
578.519,178.323,581.481,379.236
613.315,149.835,606.607,343.65
757.074,173.367,751.979,330.745
688.438,176.514,687.064,350.522
774.469,186.402,773.097,338.717
680.576,165.104,675.868,341.651
685.933,195.932,690.871,369.587
685.866,198.026,691.485,371.615
758.246,144.052,743.274,303.049
751.373,145.952,737.364,306.484
685.711,198.004,691.328,371.633
764.642,192.921,765.877,347.314
726.389,222.898,739.072,385.612
681.725,149.16,671.928,326.366
750.609,148.748,737.563,309.27
657.178,171.82,655.435,353.625
742.717,159.047,733.445,320.804
657.697,170.763,655.605,352.493
142.258,284.633,174.91,597.445
140.918,276.344,171.956,589.032
87.0112,255.394,113.518,580.986
145.539,257.592,173.044,568.157
69.1082,240.812,92.9507,570.389
61.8675,262.073,89.2942,594.654
154.567,258.155,182.226,566.363
142.073,255.271,169.107,566.633
204.9,287.055,238.974,583.626
214.957,285.749,248.89,579.625
204.424,287.428,238.57,584.144
215.823,285.049,249.618,578.662
225.915,284.007,259.611,574.935
187.589,286.387,221.28,587.443
291.451,275.743,323.903,549.274
276.546,294.608,313.233,572.885
292.782,301.529,331.299,575.936
295.674,298.592,333.534,572.085
193.739,292.795,228.849,592.613
306.431,295.432,343.667,565.957
291.298,298.474,329.074,573.104
268.893,260.692,297.748,539.436
218.393,280.576,251.264,573.29
372.815,300.126,411.912,553.594
369.971,300.304,409.087,554.52
363.888,280.478,397.898,535.457
326.069,277.24,359.085,541.872
404.462,315.457,448.07,561.654
391.241,333.089,439.242,583.503
404.756,314.326,448.057,560.376
375.046,322.898,420.093,576.975
374.975,289.7,411.4,542.157
384.557,329.109,431.398,581.064
373.313,311.064,415.25,564.941
380.537,270.828,412.135,521.201
352.458,329.73,398.883,590.156
354.737,334.34,402.384,594.458
367.494,330.405,414.379,586.932
373.794,311.333,415.807,565.099
377.071,272.261,409.032,523.569
363.558,287,399.22,542.309
367.54,256.431,395.49,509.77
569.531,288.225,605.805,490.306
634.857,318.174,680.742,504.262
570.31,330.262,619.748,533.479
566.723,329.715,615.958,533.842
583.014,258.718,610.059,456.977
582.403,259.028,609.55,457.443
617.718,273.187,649.003,462.825
615.499,273.317,646.846,463.522
561.551,290.482,598.542,494.662
561.259,258.825,588.573,462.609
543.656,261.856,572.085,470.213
541.382,261.954,569.86,470.891
614.807,245.065,637.214,435.437
592.364,314.935,637.038,511.813
551.011,249.941,575.761,456.273
580.098,319.36,626.152,519.614
608.791,328.852,659.225,524.691
547.611,328.995,596.452,538.072
609.035,328.376,659.314,524.133
543.517,304.904,584.946,514.175
550.493,273.509,582.334,480.175
559.018,274.896,591.245,479.438
563.945,268.709,594.237,471.885
542.24,303.516,583.242,513.072
558.795,324.951,606.482,530.967
766.199,260.161,790.922,412.162
758.858,280.891,791.11,434.6
661.679,294.227,699.526,472.875
671.122,315.998,716.302,492.649
660.339,296.662,699.01,475.692
731.886,299.64,771.144,460.411
676.844,268.426,705.906,443.017
760.847,269.571,789.021,422.826
642.255,274.419,673.701,457.817
764.812,268.45,792.518,420.712
678.152,267.697,706.952,441.957
647.561,295.024,685.749,477.304
670.642,257.444,696.14,433.639
681.036,267.766,709.82,441.295
722.169,307.743,764.312,470.992
738.207,293.151,775.107,452.245
621.867,395.094,694.662,591.291
