67.5737,97.2508,46.9586,314.657
66.9996,113.368,44.012,330.233
69.503,69.1651,52.812,288.046
90.9494,104.027,69.1972,322.98
108.395,25.0055,97.1105,249.336
90.4512,104.492,68.6365,323.393
91.3339,106.216,69.27,325.13
57.79,102.929,36.4083,319.382
60.9595,104.133,39.3837,320.789
96.4268,85.1545,77.2342,305.239
44.685,117.881,20.972,333.011
129.033,32.4503,116.17,257.877
82.9754,111.862,60.1489,329.982
56.8905,110.804,34.3271,326.956
102.825,88.7594,83.1111,309.129
59.2413,11.0267,51.234,232.663
43.3535,48.872,30.2294,266.669
90.0054,93.6739,69.6054,313.03
71.9514,40.2055,59.3532,260.9
256.054,16.1987,240.511,252.492
274.967,47.4637,255.87,282.957
249.09,12.7961,234.158,248.827
250.617,74.435,229.743,306.589
193.659,98.8729,171.273,325.86
194.11,99.6295,171.631,326.623
248.72,96.0103,225.632,327.218
203.949,63.5396,185.423,292.74
275.794,57.1686,255.723,292.209
171.309,44.6046,155.805,272.428
247.22,57.6105,228.014,290.475
262,45.0828,243.501,279.823
192.166,64.351,173.812,292.656
265.579,30.7086,248.273,266.689
177.733,16.6179,165.146,246.958
248.42,61.5009,228.8,294.235
240.629,21.76,225.139,256.502
260.233,45.0793,241.796,279.687
236.018,65.6087,216.402,297.13
176.221,54.8615,159.319,282.52
279.402,20.0602,262.485,257.871
380.671,37.1141,359.888,279.466
461.447,56.345,437.841,301.642
402.056,63.8869,379.28,305.621
347.825,70.4505,325.428,308.975
460.001,61.9692,436.196,306.842
404.57,29.0555,383.666,273.262
463.722,20.0945,441.506,268.128
344.615,42.3148,324.245,282.398
342.837,65.9013,320.825,304.418
456.745,25.9692,434.511,273.168
396.616,59.1734,374.204,300.905
637.951,109.336,609.473,360.953
599.041,41.366,571.751,294.855
598.312,44.4914,571.028,297.716
526.623,48.3453,501.573,297.57
525.984,54.1871,500.811,302.987
571.739,42.2583,545.385,294.262
502.693,51.0358,478.243,298.831
593.763,108.814,566.152,358.211
522.479,112.282,495.91,357.917
562.975,97.5166,536.069,345.824
514.404,117.761,487.78,362.79
586.187,40.5299,559.357,293.411
572.284,41.8967,545.916,293.955
555.997,106.845,529.121,354.342
728.977,17.1648,695.917,279.339
768.934,20.3372,733.957,284.31
674.399,100.13,644.995,353.992
98.7237,162.603,68.6773,381.138
37.7626,151.412,8.83145,365.431
151.494,150.495,123.269,373.096
45.1392,145.703,17.0916,360.411
63.9927,121.999,39.6617,338.491
128.503,218.27,90.8642,439.945
119.608,166.946,89.0967,387.063
135.878,158.655,106.541,380.046
61.94,180.774,28.5357,396.836
124.556,126.921,99.5166,347.779
66.8832,165.42,36.0824,381.593
130.626,146.909,102.837,367.991
128.422,146.907,100.629,367.825
49.1875,155.276,19.7124,370.187
103.943,186.055,70.5037,405.186
63.1223,166.406,32.1244,382.3
127.913,145.846,100.262,366.737
51.9733,218.229,12.5892,434.126
66.4984,170.173,34.9664,386.328
269.805,155.522,240.694,386.82
266.63,164.479,236.682,395.477
184.714,223.886,147.489,449.816
242.14,192.074,209.419,421.35
268.898,173.547,238.044,404.718
210.03,182.887,178.153,409.715
240.053,212.698,204.965,442.334
240.041,213.574,204.859,443.23
274.839,226.297,235.403,462.08
243.279,191.671,210.608,421.024
261.311,191.857,228.709,422.521
196.571,188.458,163.949,414.358
267.326,174.533,236.378,405.591
252.01,171.07,221.426,401.003
196.179,187.637,163.651,413.5
167.02,167.618,136.673,391.298
237.823,158.813,208.539,387.736
241.42,179.927,209.912,409.111
177.718,137.32,151.157,361.959
239.404,176.682,208.234,405.703
454.525,155.054,426.769,396.16
424.489,218.218,393.212,458.05
383.724,156.726,355.466,394.236
395.439,156.322,367.299,394.429
341.622,158.257,312.832,393.618
433.519,153.482,405.76,393.55
369.132,203.165,337.553,439.999
338.396,129.993,311.706,365.672
376.783,156.617,348.471,393.777
391.301,212.453,359.607,450.536
406.931,176.927,377.733,415.429
522.493,143.192,495.111,387.929
519.558,151.781,491.954,396.208
495.693,150.264,468.172,393.517
564.21,146.736,536.524,393.498
586.536,214.275,558.022,461.966
507.036,149.752,479.516,393.584
512.686,144.967,485.294,389.173
625.294,214.902,597.185,464.428
564.922,146.205,537.24,393.013
714.891,219.701,687.238,473.692
760.902,139.28,730.403,396.041
755.423,212.329,727.563,468.177
734.223,133.799,704.115,389.391
755.31,208.882,727.329,464.692
658.714,219.88,630.82,471.146
57.8386,325.642,0.778107,548.766
63.1854,301.244,10.683,522.469
124.044,302.929,74.277,528.632
143.427,291.816,96.1304,518.063
146.24,250.638,104.726,474.69
146.681,252.569,104.917,476.744
89.8797,247.896,47.005,467.708
62.0231,312.265,7.47888,534.461
85.3511,288.266,36.0344,510.104
145.964,252.333,104.21,476.445
125.716,288.196,78.1095,513.004
89.8939,295.156,39.6218,517.903
123.175,315.569,71.3526,542.389
84.2495,257.773,39.6107,477.71
115.864,294.074,67.0339,518.524
78.9136,294.657,28.2698,516.505
133.937,256.585,91.2157,480.038
141.324,302.652,92.3945,529.564
89.1308,311.495,36.2427,535.484
68.8407,288.857,18.6559,509.554
224.902,328.964,176.197,564.147
224.933,329.567,176.158,564.808
175.832,330.912,124.497,562.844
176.171,329.901,124.989,561.762
176.025,326.9,125.237,558.474
231.967,307.951,186.187,541.694
202.672,259.308,161.68,487.823
181.753,355.838,127.397,590.716
250.779,272.698,209.542,505.407
241.535,301.321,196.874,535.231
231.378,294.296,187.085,527.044
180.455,317.307,131.178,548.319
206.812,315.309,159.041,547.944
309.143,320.283,266.674,558.841
212.533,332.829,162.919,567.368
228.581,319.362,181.201,553.929
223.296,298.816,178.254,531.25
204.989,302.988,158.665,534.508
193.872,302.027,147.288,532.62
243.862,307.764,198.564,542.33
203.563,315.552,155.62,547.979
179.694,262.718,137.455,489.916
202.444,301.727,156.174,532.972
258.371,278.113,216.82,511.627
241.893,334.498,193.48,571.235
168.631,265.595,125.83,491.998
315.82,354.639,269.795,597.495
197.984,267.988,155.754,496.672
305.062,352.62,258.467,594.771
169.412,257.452,127.702,483.482
421.757,297.874,385.907,541.034
389.017,248.847,354.905,487.86
628.219,247.809,600.107,498.317
625.393,324.667,597.27,579.253
512.129,252.05,481.514,497.139
499.975,315.973,466.804,564.089
583.108,324.3,553.312,576.909
511.089,318.376,478.334,567.191
624.276,310.549,596.108,564.052
752.68,259.003,726.455,515.809
752.444,261.097,726.291,517.969
662.986,332.393,636.332,589.313
