67.0938,64.3803,372.64,2.12079
13.7608,81.0959,322.427,13.4736
147.082,100.066,441.58,44.2632
141.78,78.383,439.836,22.475
21.5592,98.3445,326.813,30.6508
144.624,98.1463,439.55,42.1398
22.0413,98.4808,327.207,30.8288
248.62,51.0825,547.747,5.10757
239.78,62.4115,537.152,15.717
314.968,91.9571,607.968,53.1642
306.672,45.1182,607.271,4.40164
163.856,56.8789,464.179,3.2554
281.307,44.3131,581.674,1.22153
309.604,69.2099,606.262,29.36
309.995,71.6224,606.26,31.8671
300.677,44.5476,601.227,3.2634
242.734,96.1447,534.575,49.9452
301.261,43.0761,602.069,1.81
301.912,45.7938,602.283,4.65359
295.632,57.7823,594.004,16.2977
303.997,46.176,604.354,5.23822
309.689,48.8497,609.744,8.50949
419.641,106.081,715.969,79.1179
391.191,46.8774,696.019,14.1153
372.609,110.131,665.573,77.9089
351.192,40.3761,654.614,3.56818
428.831,32.5765,738.975,2.74124
431.284,86.7861,732.123,60.1498
449.719,104.704,749.076,81.0839
439.557,95.7449,740.897,70.1821
400.311,55.8002,704.25,24.3521
417.208,48.1177,723.54,18.0263
460.161,59.691,768.355,34.6583
458.914,61.8137,766.587,36.7849
423.772,115.25,718.799,89.1895
425.633,35.5136,734.957,5.54327
382.583,36.6641,688.65,2.59952
410.001,67.8427,712.46,37.9825
23.9688,187.042,316.71,115.026
54.4928,179.639,344.951,111.396
14.8862,199.445,306.997,125.697
54.9158,179.083,345.408,110.914
40.3352,183.225,331.756,113.236
41.3481,177.098,333.516,107.536
33.5993,175.632,326.825,105.295
60.1026,204.889,346.3,136.073
13.0707,209.928,303.885,135.365
41.6347,155.654,336.599,87.2309
151.566,170.72,435.33,113.769
43.7899,182.104,334.992,112.557
121.326,211.763,400.997,149.961
24.6649,195.304,316.182,122.902
104.851,222.545,384.3,158.294
65.6257,199.806,351.98,131.883
44.0959,173.637,336.452,104.551
51.989,203.367,339.251,133.682
152.762,163.284,437.566,106.658
15.0052,184.147,309.206,111.301
149.991,122.776,440.912,66.8103
146.726,207.051,425.265,148.513
129.958,214.55,408.565,153.703
180.25,180.844,460.799,127.023
269.108,163.339,549.98,120.249
224.192,145.617,508.673,97.3281
187.122,175.717,468.13,122.808
175.96,165.985,459.095,111.939
173.634,209.172,450.236,153.894
314.904,138.927,600.216,100.987
278.708,158.525,560.331,116.562
277.574,158.522,559.198,116.425
286.929,178.113,565.39,137.241
245.142,143.961,529.348,98.075
166.963,217.759,442.784,161.386
179.795,229.634,452.977,174.609
271.634,188.105,548.515,145.346
278.893,168.108,558.968,126.209
179.42,231.893,452.281,176.759
297.207,172.397,576.649,132.761
298.412,179.393,576.721,139.958
275.876,169.777,555.686,127.518
222.262,170.22,502.829,121.534
172.997,158.477,457.418,104.244
265.947,147.887,549.437,104.359
308.773,133.229,594.849,94.5075
393.323,162.177,677.879,134.294
335.82,175.385,615.438,140.605
366.588,149.627,651.915,118.042
366.091,149.305,651.45,117.651
383.536,172.667,665.873,143.824
364.358,138.413,651.534,106.239
464.442,156.065,755.798,137.009
332.623,157.916,615.074,122.436
333.301,157.888,615.775,122.49
468.469,172.734,757.155,155.073
421.873,155.935,709.419,131.445
376.34,186.973,655.73,157.612
374.803,166.37,657.649,136.266
325.112,132.898,611.542,96.0601
421.762,148.655,710.587,123.851
361.494,221.154,633.264,190.789
463.192,146.995,755.912,127.342
380.655,146.148,667.803,116.054
363.065,218.983,635.451,188.753
380.136,185.344,659.987,156.441
387.9,143.828,676.049,114.495
342.859,195.712,619.271,162.172
431.15,171.248,716.812,148.556
454.725,178.981,741.72,159.598
345.618,218.337,618.32,185.506
371.077,168.807,653.331,138.296
362.722,145.167,648.637,112.992
494.746,203.76,780.237,191.442
145.308,320.545,407.294,257.528
92.4481,338.372,356.602,266.656
92.7318,338.792,356.798,267.094
94.9841,350.101,357.221,278.088
143.986,345.865,402.457,281.479
80.4768,312.002,349.363,240.116
106.66,346.377,368.162,276.354
89.3665,284.166,361.399,215.005
107.132,342.118,369.197,272.399
134.1,330.697,395.538,265.548
108.025,343.489,369.809,273.829
120.523,318.19,384.804,251.68
143.223,346.331,401.687,281.807
133.083,329.453,394.786,264.213
130.584,333.636,391.889,267.823
113.311,284.736,383.048,218.815
187.768,320.71,446.91,263.993
174.88,317.362,435.265,258.849
297.429,339.742,549.94,299.734
185.366,321.257,444.567,264.16
167.375,315.69,428.496,256.128
261.104,298.845,520.66,253.713
313.978,335.182,567.152,297.915
177.127,321.767,436.713,263.425
177.486,313.685,438.256,255.693
249.701,351.661,501.316,303.689
223.964,314.291,482.031,263.289
190.866,327.876,448.753,271.378
169.202,242.333,441.189,185.539
279.396,352.046,530.07,308.936
172.98,266.712,441.09,209.669
281.67,296.961,541.054,254.991
215.078,350.953,468.078,297.477
249.318,273.764,512.875,227.338
281.208,293.512,541.147,251.508
189.338,275.151,455.136,220.147
431.752,262.958,701.231,243.608
445.282,254.455,717.238,236.922
427.021,296.739,690.204,277.566
410.175,297.737,672.22,275.85
406.964,296.981,668.972,274.56
439.523,251.766,711.523,233.26
467.667,254.342,741.412,240.287
448.839,329.553,707.606,314.889
351.398,289.916,612.422,258.635
447.335,328.601,706.389,313.599
418.327,307.839,679.202,287.458
449.221,275.132,717.955,258.872
458.816,258.574,731.162,243.275
396.453,272.509,662.144,247.951
418.943,308.423,679.75,288.156
451.443,287.404,717.951,271.948
396.57,274.626,661.903,250.128
457.575,252.303,730.937,236.577
403.5,245.86,674.551,221.682
413.116,274.765,679.803,252.726
468.214,288.018,735.966,275.324
422.947,299.629,685.38,279.86
445.87,282.887,712.94,266.345
345.031,333.556,598.697,301.396
407.988,272.456,674.4,249.656
489.22,291.699,758.348,282.593
481.804,250.174,757.616,238.144
520.216,311.794,788.663,308.912
499.13,295.377,768.56,288.09
505.04,288.046,776.436,281.428
513.226,282.054,786.639,276.517
102.723,461.73,348.141,384.005
80.3811,467.747,327.451,385.719
78.257,409.875,333.876,331.505
108.592,467.114,352.632,390.05
45.0963,402.135,305.736,319.028
81.6078,422.021,334.934,343.424
80.5217,420.838,334.358,342.09
146.897,419.689,394.35,352.04
104.767,473.307,348.34,395.149
102.82,475.061,346.356,396.438
123.006,407.808,374.184,336.879
78.6069,393.465,336.484,316.244
52.8977,405.421,312.113,323.308
15.6252,361.311,285.63,276.766
63.4025,451.591,314.989,367.794
126.201,452.428,370.702,379.356
14.9877,461.058,271.68,368.377
24.7864,459.327,280.224,368.457
87.4269,415.993,341.174,338.701
44.0821,421.234,302.117,336.568
80.6635,385.982,339.235,309.602
103.373,386.173,359.663,313.325
270.508,417.4,510.981,371.34
247.494,429.711,486.862,379.165
287.661,458.149,521.337,414.11
166.62,400.9,415.024,337.568
276.614,422.585,516.107,377.481
276.276,423.587,515.621,378.396
252.122,378.801,499.216,330.588
253.76,434.082,492.207,384.518
250.707,377.85,498.218,329.373
272.172,428.899,510.802,382.821
192.713,471.028,428.862,408.823
270.825,430.316,509.274,383.954
306.095,401.507,548.522,362.101
163.509,452.285,404.593,385.798
196.533,418.749,440.464,359.609
228.108,450.444,465.352,395.598
261.026,463.652,494.636,414.434
237.895,401.13,482.311,349.782
190.421,415.889,435.169,355.825
186.112,453.865,425.261,391.319
170.852,458.245,410.486,392.743
168.969,457.018,408.929,391.245
258.054,373.147,506.056,326.023
336.806,371.513,583.887,337.893
461.339,393.418,709.701,382.511
446.536,412.42,691.272,398.852
446.348,412.422,691.073,398.818
353.389,427.401,591.47,396.335
450.47,431.962,691.637,419.536
435.606,378.919,685.417,362.798
365.838,436.958,602.595,408.151
457.839,383.524,707.698,371.75
365.198,438.788,601.595,409.856
427.009,447.405,663.981,430.525
337.434,431.788,574.704,397.676
409.014,463.582,642.534,443.124
396.951,414.048,638.348,391.202
457.424,447.613,696.238,436.8
402.599,465.365,635.608,443.61
452.961,416.749,697.964,404.341
395.201,415.216,636.343,392.042
391.73,467.929,624.002,443.976
399.082,434.099,637.322,411.655
347.927,411.035,588.637,379.1
353.792,403.677,595.773,372.872
357.574,437.974,593.965,407.601
407.467,452.987,642.754,432.213
405.833,444.418,642.51,423.314
510.627,410.934,760.173,410.009
485.156,416.731,731.476,410.891
541.526,378.966,799.942,383.009
536.034,389.741,793.602,392.725
503.755,389.698,756.57,386.743
500.572,428.725,746.003,426.281
506.19,422.249,753.317,420.759
143.079,513.861,377.302,439.908
113.094,581.286,340.77,496.722
119.924,504.744,357.518,427.144
124.366,538.307,357.021,459.121
124.831,538.41,357.423,459.306
85.0788,516.025,324.956,431.195
111.098,522.474,347.356,441.927
117.442,526.983,352.387,447.301
126.593,540.208,358.728,461.319
124.641,540.688,356.911,461.39
67.8463,560.827,303.946,469.074
115.384,546.909,347.763,465.378
13.2924,572.349,255.487,469.194
79.3154,516.032,320.102,430.092
63.4968,505.248,307.6,417.325
78.9469,514.685,319.964,428.783
92.2671,508.812,332.265,425.857
73.2176,555.807,309.317,465.502
54.9028,497.186,301.202,408.382
120.68,519.447,356.347,440.909
35.7215,527.594,280.597,432.742
52.8435,544.086,293.171,450.943
112.185,504.694,350.555,425.685
61.2055,535.994,301.531,445.095
93.7064,505.951,333.937,423.472
96.2358,532.835,332.708,448.729
237.339,580.665,454.434,521.598
206.702,552.72,430.808,488.631
203.505,531.691,430.149,468.318
203.939,500.715,435.191,439.045
279.469,576.611,495.096,526.695
203.774,537.656,429.514,474.011
201.334,541.822,426.632,477.461
190.456,501.935,422.452,437.641
209.47,526.33,436.748,464.358
235.327,493.194,465.841,437.883
299.367,539.993,520.158,495.666
266.406,522.995,490.882,472.566
314.006,508.985,539.293,468.65
184.468,529.941,412.899,462.902
201.764,523.343,429.762,460.08
172.316,504.97,405.262,437.073
182.128,568.053,405.066,498.273
308.286,492.06,536.354,451.041
315.026,550.538,533.648,509.186
182.004,566.244,405.216,496.552
297.784,494.626,525.665,451.452
251.2,573.733,468.569,517.939
296.612,537.064,518.762,492.064
190.325,526.903,418.758,461.18
269.791,549.182,490.03,498.391
260.589,556.738,480.075,503.707
170.58,492.839,405.224,425.366
264.064,557.888,483.216,505.53
413.542,505.641,640.049,486.031
411.893,553.691,630.26,533.363
409.091,554.447,627.259,533.485
398.554,534.686,619.768,511.629
398.334,533.694,619.709,510.6
398.471,534.735,619.675,511.659
411.126,490.006,640.789,469.801
412.544,492.204,642.171,472.218
413.778,493.041,643.385,473.29
382.719,500.075,610.171,473.843
427.168,577.095,642.075,559.988
359.167,541.834,578.762,510.142
412.58,497.665,641.358,477.65
347.126,545.74,566.112,511.372
425.855,571.245,641.705,553.893
409.891,573.926,624.847,552.898
419.267,509.196,645.443,490.772
431.605,581.217,645.963,565.096
463.88,484.044,696.819,474.972
414.842,587.031,627.731,566.96
411.804,520.343,635.762,500.284
398.824,541.858,618.851,518.775
415.245,565.407,631.741,545.705
