83.1764,58.3709,125.836,313.712
36.7092,89.697,79.2191,343.71
25.193,55.9413,70.959,312.147
107.516,91.2395,146.992,344.385
24.8283,53.554,70.8064,309.931
21.6176,36.8111,69.1253,294.474
28.1059,78.1399,71.9319,332.891
100.977,56.0765,142.891,311.074
50.0703,78.9409,92.8194,333.402
50.0562,80.145,92.7146,334.537
33.4794,71.8524,77.5469,326.865
150.362,48.0497,190.429,303.298
79.6568,115,118.593,367.378
16.8431,100.251,59.3404,353.942
56.065,82.4555,98.2817,336.65
18.432,73.9182,63.0442,328.861
150.832,45.0413,191.028,300.497
141.069,54.1254,181.252,309.061
56.7454,90.947,98.3005,344.678
92.6901,19.0409,137.409,277.248
148.732,35.2065,189.525,291.411
113.821,96.0021,152.765,348.849
13.0765,94.9274,56.1883,348.922
93.7546,59.9101,135.769,314.734
68.4712,84.1813,110.021,338.144
126.341,74.5784,166.052,328.437
68.059,86.2764,109.477,340.131
260.699,73.4788,295.364,325.852
179.066,81.4486,216.35,334.312
230.186,29.2924,267.285,284.933
291.026,98.4621,324.289,349.343
203.361,74.3231,240.04,327.325
210.361,107.779,245.559,359.137
234.132,27.6676,271.096,283.384
222.365,32.3513,259.784,288.264
290.782,97.0673,324.069,347.966
233.599,26.866,270.612,282.651
266.454,77.2031,300.842,329.312
253.958,25.5574,290.06,281.186
193.784,80.5763,230.566,333.323
310.951,23.9219,344.545,278.952
289.966,69.8562,323.727,322.093
177.303,106.639,213.523,358.367
230.204,98.3196,265.146,349.816
236.059,36.7058,272.668,291.719
172.923,89.4439,210.071,341.991
308.026,101.643,340.817,352.17
230.268,98.5446,265.201,350.03
184.567,29.9728,223.825,286.133
258.467,63.9244,293.444,316.891
237.579,28.7321,274.352,284.323
244.867,60.5999,280.436,313.926
232.139,74.6486,267.76,327.282
180.676,34.9358,219.913,290.766
257.54,61.6426,292.606,314.756
339.401,62.3865,371.639,314.47
459.511,79.0952,488.825,328.962
347.231,67.1845,379.212,318.907
371.811,89.6815,403.167,340.056
459.344,78.4853,488.639,328.338
371.546,18.2569,402.626,272.955
351.326,106.7,383.137,356.578
371.206,88.4199,402.565,338.813
440.572,107.682,470.889,356.583
356.164,61.0837,387.878,313.045
385.181,18.1475,415.711,272.677
477.265,83.5659,506.365,332.985
409.494,81.1648,439.914,331.482
394.411,79.4082,425.16,329.956
421.189,57.16,450.954,308.601
426.778,45.6057,456.183,297.683
330.631,72.2122,363.091,323.876
464.333,41.7258,492.529,293.587
434.186,100.975,464.458,350.175
396.863,55.0347,427.302,306.867
403.969,15.15,433.723,269.662
394.141,79.9231,424.902,330.45
396.482,108.374,427.481,357.718
339.947,98.6038,372.024,348.932
404.566,108.854,435.442,358.12
424.592,73.4646,454.544,323.982
348.721,115.273,380.568,364.891
392.656,112.534,423.757,361.783
322.924,63.0329,355.691,315.297
407.983,23.3751,437.683,277.195
388.808,92.9602,419.806,342.964
424.789,75.6812,454.774,326.086
557.275,84.212,585.197,332.753
515.217,42.4886,542.035,293.644
548.306,69.6145,575.626,318.906
548.257,68.8724,575.535,318.154
544.062,34.1506,569.771,285.506
525.726,87.9971,554.232,336.686
516.857,55.3764,544.153,305.745
578.324,33.3043,603.123,284.253
534.194,39.7859,560.412,290.875
515.384,113.443,545.083,361.407
574.067,59.1502,600.388,308.621
573.963,59.5695,600.309,309.02
505.763,51.7239,533.178,302.461
505.162,51.7931,532.594,302.533
583.745,90.2478,611.708,338.224
576.415,47.2582,602.032,297.366
513.816,79.6639,542.155,328.864
572.043,89.7057,600.085,337.809
522.062,96.9261,550.999,345.317
521.899,96.2249,550.808,344.643
566.465,74.534,593.747,323.335
569.827,73.8024,597.021,322.598
556.526,64.5478,583.445,313.948
520.396,96.0603,549.316,344.501
517.963,67.7835,545.742,317.476
575.148,90.2792,603.192,338.326
564.106,116.056,593.658,363.473
615.094,61.9947,640.919,310.814
702.396,68.9738,727.812,316.435
759.287,13.6588,778.725,263.522
679.986,112.744,709.256,358.972
768.714,63.0326,793.156,309.91
694.39,52.9454,718.472,301.228
660.842,25.8804,683.279,276.207
742.524,94.8688,770.292,340.862
760.892,27.5518,781.715,276.467
733.385,49.7622,756.749,297.756
755.92,53.0763,779.408,300.618
679.152,12.5921,700.146,263.633
661.131,39.7593,684.626,289.202
749.983,42.7375,772.482,290.909
738.656,111.616,768.048,356.856
755.677,51.1725,778.973,298.816
685.995,66.1913,711.302,313.975
674.326,77.8523,700.693,325.254
734.597,49.5585,757.929,297.548
736.399,96.2497,764.292,342.27
759.107,63.1591,783.611,310.173
736.811,47.709,759.941,295.771
655.566,47.5415,679.751,296.625
153.407,153.292,187.967,403.92
139.413,156.556,174.083,407.255
50.0685,220.106,81.7284,471.407
81.2617,195.872,114.406,446.706
50.5566,221.535,82.0954,472.854
141.251,232.912,171.54,483.833
145.943,125.456,182.159,376.847
137.309,165.245,171.529,415.84
155.092,232.532,185.402,483.356
46.686,138.86,84.9302,390.758
138.229,166.725,172.304,416.962
110.477,176.516,144.49,427.207
128.336,174.92,162.143,425.452
134.195,213.039,165.673,463.644
113.613,157.482,148.772,408.37
121.872,140.731,157.86,391.87
72.1434,158.884,108.168,410.143
134.023,215.196,165.375,465.832
120.314,160.975,155.112,411.727
51.4917,233.244,82.0681,484.773
52.5189,233.296,83.0848,484.82
147.732,212.527,179.16,463.027
155.293,166.587,189.098,416.834
145.844,170.161,179.606,420.374
30.5833,210.316,63.2935,461.641
85.4669,140.302,122.448,391.69
154.786,168.699,188.489,418.928
290.436,142.489,322.975,392.046
292.037,141.164,324.574,390.732
168.688,197.943,200.734,448.07
209.342,213.123,240.533,463.18
286.915,149.953,319.371,399.415
224.17,207.206,255.559,457.069
179.287,216.934,210.366,467.27
186.725,219.66,217.665,469.992
224.047,212.65,255.244,462.593
278.23,190.432,309.964,439.72
236.454,215.134,267.571,465.028
292.562,154.233,324.876,403.582
290.754,187.992,322.507,437.209
213.196,195.353,245.066,445.228
194.191,209.56,225.564,459.676
192.22,123.326,227.29,374.277
309.984,199.131,341.557,448.241
205.789,227.523,236.402,477.882
180.934,230.431,211.373,481.031
269.801,226.852,300.717,476.76
209.198,208.5,240.571,458.491
311.143,223.617,342.421,473.158
454.625,126.438,485.239,374.729
340.161,197.596,371.821,446.457
451.404,133.775,482.227,381.946
321.423,186.841,353.133,435.76
364.952,193.561,396.704,442.183
442.057,176.605,473.909,424.474
359.044,234.441,390.806,483.953
453.701,174.26,485.554,422.067
383.825,195.492,415.675,443.985
369.124,181.684,400.856,430.23
456.539,138.295,487.449,386.336
390.863,191.625,422.718,440.02
391.33,216.845,423.429,465.664
476.815,135.85,507.563,383.735
391.944,165.04,423.556,413.402
390.1,231.435,422.32,480.661
373.701,218.885,405.607,467.853
475.02,137.718,505.834,385.589
369.719,222.123,401.593,471.202
473.016,192.083,505.523,439.817
390.954,224.116,423.118,473.123
432.702,144.655,463.871,392.799
452.786,212.204,485.62,460.464
382.447,221.495,414.473,470.468
571.054,231.628,607.252,479.545
615.811,216.21,652.244,463.371
487.343,170.763,519.263,418.271
574.698,164.888,607.036,411.615
575.395,163.462,607.65,410.135
631.584,190.194,666.653,437.896
576.412,157.452,608.323,404.123
586.595,226.558,622.927,474.263
617.264,165.466,650.125,411.762
543.364,149.245,574.641,396.322
538.162,124.41,568.23,371.902
538.125,164.466,570.12,411.52
502.011,208.931,535.524,456.747
599.464,221.25,635.804,468.69
548.022,151.28,579.421,398.298
616.875,142.992,648.169,389.392
673.213,148.696,705.475,394.439
674.469,234.981,714.263,482.351
670.466,205.654,707.559,452.075
666.038,171.444,700.11,417.29
752.608,163.069,787.589,408.074
752.225,163.746,787.271,408.765
672.672,138.473,704.065,384.295
708.491,145.393,740.922,390.871
664.337,194.723,700.329,440.895
659.127,140.834,690.592,386.791
678.594,143.241,710.452,388.95
672.741,226.507,711.727,473.584
652.315,142.728,683.869,388.735
653.844,164.721,687.16,410.628
645.155,125.614,675.335,371.912
672.932,134.87,704.024,380.728
651.984,132.96,682.767,379.076
718.093,152.078,751.306,397.434
743.122,175.647,779.223,420.847
674.722,160.608,707.988,406.07
750.717,180.366,787.515,425.574
667.837,143.511,699.603,389.336
666.068,158.969,699.068,404.537
707.834,132.129,739.013,377.728
671.358,157.481,704.319,403.065
141.283,312.405,166.869,567.057
145.402,283.399,172.782,536.246
144.588,283.855,171.93,536.73
138.962,261.119,167.591,512.98
136.879,260.957,165.504,512.823
132.598,315.789,157.791,570.713
143.075,273.494,171.006,525.848
109.91,275.49,137.394,528.112
105.821,287.704,132.43,541.004
111.138,284.51,138.028,537.615
104.534,287.983,131.108,541.305
155.877,255.019,184.966,506.542
29.9945,243.751,59.8038,495.681
236.76,295.072,265.265,548.213
231.166,291.879,259.656,544.849
247.1,320.365,275.066,575.242
241.481,288.035,270.32,540.727
254.904,341.641,282.495,598.288
232.804,319.34,260.374,574.19
250.903,334.084,278.573,590.074
241.789,301.576,270.201,555.116
216.151,267.143,245.413,519.838
246.985,264.834,276.646,516.285
262.181,289.969,291.424,542.677
244.689,303.76,273.105,557.434
194.849,297.026,222.367,550.479
233.535,305.044,261.622,558.853
283.699,262.661,314.009,513.806
268.867,291.141,298.238,543.889
286.842,259.908,317.258,510.911
431.328,281.265,465.305,532.578
363.614,323.246,395.639,577.904
432.54,280.487,466.54,531.746
422.702,283.539,456.444,535.036
422.134,283.488,455.856,534.985
442.316,279.055,476.601,530.176
404.935,282.618,438.096,534.148
365.109,296.611,397.124,549.241
361.474,280.461,393.347,532.086
362.372,280.785,394.27,532.424
340.941,323.065,372.088,577.831
347.258,268.877,378.776,519.94
405.979,340.653,440.003,596.718
446.402,296.101,481.259,548.321
388.018,244.542,420.31,494.166
354.492,338.659,386.15,594.709
386.878,335.257,419.949,590.853
411.46,289.389,444.932,541.317
435.131,276.975,469.137,528.009
409.957,275.035,443.16,526.091
359.922,273.219,391.744,524.443
603.81,295.059,645.434,546.477
532.38,267.046,569.296,516.977
591.299,272.88,630.826,522.835
591.291,272.866,630.816,522.82
626.295,332.318,671.966,586.876
617.131,256.411,656.533,505.266
620.884,251.39,660.053,499.941
510.555,269.391,546.813,519.577
510.28,268.334,546.482,518.461
548.486,270.269,586.16,520.297
597.438,314.181,640.088,567.176
615.802,321.759,660.03,575.361
510.849,297.079,548.336,549.074
620.514,327.503,665.459,581.628
594.634,335.481,638.619,590.46
616.342,313.42,659.967,566.273
611.351,261.086,650.868,510.232
609.945,262.943,649.54,512.202
522.29,286.461,559.766,537.652
515.307,286.991,552.526,538.252
527.129,281.808,564.575,532.666
613.16,303.83,655.895,555.893
581.094,248.868,618.673,497.543
521.95,297.036,559.914,548.977
656.078,254.05,696.823,502.46
670.875,254.821,712.302,503.219
659.234,342.727,708.073,599.537
649.244,261.447,690.326,510.299
649.766,262.403,690.949,511.307
651.007,264.71,692.44,513.767
671.857,309.261,718.265,561.483
649.081,244.051,688.717,491.993
659.507,323.394,706.457,576.925
648.295,318.198,694.089,571.072
