13.0688,57.5122,354.873,5.73788
83.1764,58.3709,415.865,22.0242
36.7092,89.697,366.04,40.3987
25.193,55.9413,365.77,6.94153
24.8283,53.554,366.139,4.67694
24.78,107.567,350.635,54.0028
50.0703,78.9409,380.751,33.5565
50.0562,80.145,380.39,34.6598
33.4794,71.8524,368.305,23.3294
150.362,48.0497,479.697,27.6609
79.6568,115,396.21,73.6056
16.8431,100.251,345.916,45.5296
150.832,45.0413,481.034,24.9301
150.52,82.5138,469.495,60.1696
141.069,54.1254,469.336,31.2432
56.7454,90.947,383.108,46.1114
148.732,35.2065,482.057,15.1668
32.1718,59.8001,370.343,11.9725
139.067,79.1392,460.064,54.2853
68.4712,84.1813,395.353,42.5658
68.059,86.2764,394.381,44.4039
179.066,81.4486,496.171,66.0071
186.849,86.5766,501.867,72.7561
291.026,98.4621,597.988,110.373
203.361,74.3231,521.11,65.115
210.361,107.779,517.491,98.7344
222.365,32.3513,552.502,29.5052
233.599,26.866,564.514,26.8247
257.264,33.4909,585.355,38.85
253.958,25.5574,584.623,30.3696
193.784,80.5763,510.175,68.7427
310.951,23.9219,641.42,42.4907
289.966,69.8562,605.938,82.2493
177.303,106.639,486.94,89.4169
236.059,36.7058,563.824,36.896
172.923,89.4439,488.078,72.0906
308.026,101.643,613.709,117.911
230.268,98.5446,539.133,94.9161
237.579,28.7321,567.768,29.5631
244.867,60.5999,564.905,62.0659
232.139,74.6486,548.298,72.4604
180.676,34.9358,511.798,22.2248
200.227,37.544,529.621,29.2726
428.163,53.4241,752.733,101.865
339.401,62.3865,657.711,87.5273
371.546,18.2569,705.003,51.8614
351.326,106.7,655.478,134.41
371.206,88.4199,681.685,121.667
440.572,107.682,747.752,160.085
427.36,11.3015,766.004,59.0048
356.164,61.0837,675.182,90.5691
460.601,48.7906,789.083,105.895
385.181,18.1475,719.211,55.1807
477.265,83.5659,795.336,145.994
394.411,79.4082,708.616,118.925
421.189,57.16,744.115,103.773
426.778,45.6057,753.906,93.5937
330.631,72.2122,645.72,94.9532
464.333,41.7258,795.557,99.696
398.063,108.843,702.717,149.33
396.863,55.0347,719.213,95.1762
394.141,79.9231,708.166,119.367
396.482,108.374,701.231,148.423
424.592,73.4646,742.275,121.132
348.721,115.273,650.074,142.157
392.656,112.534,695.899,151.511
322.924,63.0329,640.92,83.9422
407.983,23.3751,741.385,66.2405
388.808,92.9602,698.343,130.94
425.282,40.9595,753.871,88.5002
424.789,75.6812,741.744,123.42
62.8164,140.204,374.194,92.7773
74.7489,134.656,386.234,90.5504
140.749,154.828,439.086,125.537
50.0685,220.106,340.164,162.567
81.2617,195.872,374.1,148.402
50.5566,221.535,340.174,163.991
141.251,232.912,416.36,198.319
155.092,232.532,428.918,201.722
57.954,228.668,344.457,172.382
134.195,213.039,415.916,177.996
113.613,157.482,413.907,121.173
17.7875,178.269,324.577,116.569
72.1434,158.884,376.93,112.185
134.023,215.196,415.126,179.95
51.4917,233.244,337.63,174.871
52.5189,233.296,338.496,175.184
147.732,212.527,428.221,181.121
155.293,166.587,448.574,140.231
201.836,215.235,476.805,198.31
216.934,214.089,491.178,201.391
290.436,142.489,583.541,152.953
292.037,141.164,585.523,152.102
168.688,197.943,451.476,173.093
209.342,213.123,484.404,198.383
286.915,149.953,577.76,159.225
179.287,216.934,455.548,193.74
186.725,219.66,461.545,198.327
236.454,215.134,509.152,207.812
292.562,154.233,581.924,164.906
290.754,187.992,569.553,197.043
213.196,195.353,493.435,182.638
194.191,209.56,471.455,190.873
262.564,223.028,531.458,222.711
192.22,123.326,495.717,108.93
205.789,227.523,476.741,210.984
180.934,230.431,453.007,206.837
311.143,223.617,578.18,237.315
454.625,126.438,756.486,183.07
340.161,197.596,615.069,220.493
451.404,133.775,750.585,189.546
321.423,186.841,599.909,204.614
396.45,196.557,672.295,236.078
359.044,234.441,622.115,262.101
453.701,174.26,739.447,231.052
383.825,195.492,659.736,231.261
369.124,181.684,649.318,213.321
390.863,191.625,668.183,229.53
476.815,135.85,777.136,199.126
390.1,231.435,654.455,268.617
373.701,218.885,641.86,251.276
375.387,166.541,660.595,200.203
475.02,137.718,774.566,200.492
390.584,201.958,664.531,239.665
437.062,181.788,719.313,233.578
390.954,224.116,657.707,261.66
409.619,196.084,686.009,239.564
432.702,144.655,727.11,195.041
502.011,208.931,779.518,281.172
141.283,312.405,393.021,271.835
144.588,283.855,404.334,246.42
122.671,262.46,391.163,220.574
138.962,261.119,406.023,223.822
136.879,260.957,404.214,223.097
123.238,283.423,385.523,240.031
132.598,315.789,384.344,272.452
143.075,273.494,406.023,236.412
109.91,275.49,376.098,229.046
106.045,274.845,372.897,227.39
105.821,287.704,369.014,239.113
104.534,287.983,367.808,239.012
108.564,286.234,371.84,238.528
155.877,255.019,422.969,222.85
29.9945,243.751,316.336,178.826
236.76,295.072,485.09,283.63
242.738,326.836,480.997,315.413
231.166,291.879,480.85,278.954
251.88,311.78,494.135,303.978
241.481,288.035,491.645,278.384
254.904,341.641,487.846,333.147
232.804,319.34,474.037,305.324
241.789,301.576,487.804,291.278
228.56,289.363,479.191,275.81
246.985,264.834,503.902,258.026
262.181,289.969,510.522,286.407
194.849,297.026,445.828,273.097
197.494,345.16,433.828,318.802
210.472,277.405,467.115,259.267
283.699,262.661,539.453,266.792
268.867,291.141,516.493,289.537
286.842,259.908,543.326,265.09
431.328,281.265,680.492,330.949
363.614,323.246,598.316,350.11
422.702,283.539,670.848,330.391
422.134,283.488,670.28,330.155
442.316,279.055,692.616,332.347
354.256,280.362,602.701,305.423
404.935,282.618,652.954,323.728
365.109,296.611,608.307,324.674
362.372,280.785,610.64,308.382
353.083,304.013,594.007,328.04
340.941,323.065,576.052,342.608
347.258,268.877,599.42,292.074
462.731,284.791,712.064,344.811
405.979,340.653,635.165,381.119
388.018,244.542,648.001,280.886
354.492,338.659,584.392,362.087
386.878,335.257,617.636,369.454
373.248,306.775,613.175,337.193
411.46,289.389,657.409,332.514
435.131,276.975,685.84,327.931
532.38,267.046,792.754,350.363
510.555,269.391,768.217,345.341
515.307,286.991,767.373,364.79
527.129,281.808,781.968,363.591
150.59,370.133,385.537,327.712
23.6191,376.935,274.654,296.654
23.6958,376.777,274.762,296.535
192.147,365.562,422.612,336.155
192.678,366.123,422.925,336.839
514.404,456.056,710.599,534.341
506.433,428.982,711.245,504.284
517.77,421.732,725.7,501.322
125.4,522.446,319.377,458.523
207.672,581.231,374.092,540.209
504.618,486.767,690.039,561.091
