148.556,85.0081,411.548,109.975
139.318,33.3202,407.282,60.4232
137.453,108.284,401.308,131.081
54.8493,81.3672,328.687,102.361
119.94,69.844,386.163,94.556
73.7634,83.2593,345.443,104.819
46.5352,71.3129,322.208,92.6836
34.9806,52.591,313.681,74.8894
87.9464,44.352,361.768,68.6904
124.075,36.7305,393.024,63.2183
35.168,52.7955,313.827,75.0849
461.301,26.1933,735.765,61.3053
458.816,70.4047,728.874,107.051
456.476,80.4496,725.368,117.366
381.046,14.4079,650.623,47.1073
379.211,54.8497,644.907,88.0699
56.2307,201.828,317.48,215.751
57.3336,201.07,318.53,215.11
53.3287,204.09,314.684,217.692
131.111,224.352,384.369,241.815
117.809,124.666,379.282,146.548
15.2783,156.653,286.939,170.756
15.2899,144.653,288.037,159.621
134.904,234.553,385.231,252.407
152.803,148.448,409.513,171.042
132.2,234.931,384.251,252.07
74.3538,208.191,333.086,222.916
219.816,206.914,468.605,231.593
297.402,219.966,543.791,250.199
177.758,229.745,426.929,250.575
242.663,212.615,490.26,238.822
249.383,213.098,496.789,239.788
273.891,215.715,520.713,244.188
270.83,215.291,517.718,243.539
287.839,140.369,543.249,169.767
171.073,234.333,419.043,254.887
201.558,173.015,455.766,196.82
273.835,207.871,523.015,235.875
194.229,204.09,444.327,227.057
209.676,129.848,467.539,155.277
204.817,130.007,462.855,155.186
247.695,212.763,495.166,239.335
206.749,131.825,464.544,157.051
356.757,198.669,608.031,232.681
446.405,160.237,706.876,199.527
446.32,174.241,705.465,214.041
514.637,128.949,786.122,170.868
108.338,287.753,356.603,300.928
109.314,288.206,357.452,301.444
140.116,261.797,388.796,278.546
137.716,262.118,386.534,278.664
84.6982,278.826,335.983,290.451
90.5419,294.662,339.777,305.978
122.204,248.137,373.005,264.214
124.873,250.763,375.82,266.737
162.884,247.113,411.345,266.227
255.4,244.111,500.449,270.661
303.935,290.364,544.479,320.969
279.009,287.435,519.78,315.697
301.921,292.034,542.269,322.459
234.991,260.497,478.992,285.123
307.005,289.359,547.684,320.249
296.899,275.844,538.745,305.778
296.97,277.927,538.622,307.868
412.081,273.907,658.144,314.606
413.616,276.403,659.548,317.329
360.915,260.171,605.574,295.777
425.168,270.644,672.466,312.495
361.749,267.641,605.741,303.448
344.254,297.49,584.866,332.074
344.922,296.453,585.666,331.085
449.401,280.197,697.108,325.014
374.18,266.249,618.828,303.176
338.652,255.535,583.025,289.098
324.305,295.053,564.66,327.652
393.592,273.233,638.577,312.142
379.55,292.283,622.012,330.287
362.368,300.321,603.334,336.763
333.525,303.182,573.164,336.818
368.619,277.896,611.932,314.532
500.502,288.332,753.379,338.584
498.079,308.186,748.79,359.303
66.5711,366.541,310.633,372.174
133.842,391.209,369.244,402.985
76.6393,362.871,320.053,369.703
134.771,391.019,370.123,402.904
146.117,380.411,381.779,393.877
28.8167,360.83,277.748,362.991
34.3127,448.701,273.365,446.503
29.1697,390.132,274.989,390.632
102.013,411.932,337.841,419.371
35.9058,368.634,283.171,371.053
83.6782,423.135,320.043,427.996
23.4634,463.885,262.247,459.537
115.103,405.01,350.529,414.204
118.948,407.434,353.799,416.978
29.0942,391.959,274.731,392.346
251.031,403.918,479.56,429.074
172.207,379.302,406.345,395.661
231.789,409.746,460.142,432.536
230.063,400.626,459.441,423.28
164.43,375.04,399.477,390.651
311.262,448.704,534.776,481.898
178.865,396.028,410.855,412.762
217.697,402.961,447.221,424.121
289.469,410.794,516.927,440.707
285.764,467.775,507.08,497.654
211.988,429.729,438.859,449.881
310.699,437.51,535.416,470.466
185.749,391.909,417.819,409.516
263.384,414.755,490.56,441.42
267.772,406.834,495.751,434.033
198.559,388.509,430.385,407.641
291.535,412.239,518.841,442.423
212.459,430.325,439.248,450.529
223.485,410.239,452.036,432.017
314.256,421.316,540.768,454.51
217.047,403.836,446.5,424.908
179.02,463.426,403.818,478.818
179.642,463.462,404.402,478.935
284.906,360.837,517.738,389.905
181.993,404.109,412.957,421.037
305.024,415.925,532.01,447.858
307.979,445.954,531.753,478.66
340.862,415.845,568.531,452.402
325.332,429.679,551.13,464.463
427.767,451.874,656.068,501.685
349.692,422.85,576.875,460.728
349.705,425.102,576.644,463.036
437.287,434.787,668.213,485.154
329.77,422.241,556.465,457.476
463.615,443.862,695.925,498.525
330.237,419.906,557.195,455.158
369.036,425.732,596.65,466.277
372.566,443.943,598.36,485.526
332.404,422.891,559.09,458.484
378.137,382.258,610.894,422.675
441.692,453.657,670.924,505.609
368.041,385.953,599.928,425.228
359.257,394.869,589.816,433.286
541.695,466.506,781.023,534.742
540.227,456.966,780.394,524.199
486.551,442.567,721.41,500.546
547.768,431.256,791.886,497.57
536.49,446.054,777.322,511.837
497.471,457.025,731.999,517.604
550.757,432.272,795.215,499.12
513.446,464.841,749.084,528.455
547.416,445.265,789.935,512.671
512.407,458.799,748.577,521.814
510.579,458.881,746.508,521.617
87.2586,524.836,312.52,525.929
99.2221,575.353,317.986,576.323
142.134,555.089,359.501,563.222
98.9681,521.099,323.515,523.979
249.89,498.7,468.258,523.585
206.165,559.48,419.366,577.458
210.156,550.192,424.189,568.876
242.442,518.048,458.892,541.823
222.49,543.466,436.786,564.114
242.41,518.044,458.861,541.814
167.748,585.098,380.192,596.598
188.693,576.077,400.929,591.089
208.004,545.685,422.609,564.073
204.851,547.162,419.43,565.049
213.493,535.329,428.99,554.647
223.791,544.024,437.983,564.871
180.798,566.109,394.52,580.003
205.69,546.089,420.348,564.116
290.743,540.56,504.193,571.953
191.127,568.159,404.089,583.66
243.974,515.374,460.675,539.381
210.768,533.383,426.581,552.303
534.034,489.644,769.708,558.485
526.858,495.102,760.934,563.172
513.702,517.152,743.606,584.658
524.057,513.561,755.715,582.587
507.293,522.75,735.772,589.555
517.434,518.295,747.693,586.535
524.064,492.105,758.092,559.476
