114.612,96.0954,122.247,275.504
146.944,115.886,146.622,301.648
154.721,111.346,155.391,299.494
37.8847,114.142,43.8354,272.468
98.2499,100.01,105.57,274.896
147.348,100.043,151.927,287.276
89.1026,111.655,93.1475,283.188
115.358,112.745,117.655,290.839
102.748,91.6467,112.489,268.466
118.512,39.2984,143.603,225.788
118.13,42.6307,142.225,228.626
145.169,40.8145,167.948,233.671
28.8275,109.854,36.722,266.282
96.6955,30.168,126.18,212.346
24.3492,70.6025,45.7523,229.956
113.355,47.8312,136.178,232.025
38.9064,84.3259,54.8281,245.814
82.3194,45.7355,107.934,222.478
245.802,98.8297,245.271,311.098
228.397,89.8436,231.427,298.469
207.313,44.0208,224.815,252.031
173.342,98.91,176.815,292.825
188.294,47.2812,206.158,250.188
240.183,76.2706,246.384,289.138
212.391,97.7335,213.836,302.287
214.557,77.8368,221.674,284.747
212.654,77.4761,219.99,283.942
167.138,110.86,167.37,301.979
228.33,60.2046,239.833,271.669
174.297,104.132,176.137,297.823
241.896,38.7479,258.494,255.932
217.009,100.184,217.482,305.695
250.194,58.9506,260.625,276.037
242.071,38.4832,258.731,255.74
230.962,101.958,230.353,310.186
241.152,36.4899,258.438,253.71
288.971,48.7566,299.619,276.612
162.616,117.141,161.084,306.815
233.836,100.786,233.409,309.839
260.595,36.7572,276.433,258.815
265.712,77.387,270.056,296.568
354.273,107.101,345.677,346.185
438.662,15.3292,447.063,283.924
404.959,96.4241,396.36,349.135
365.37,21.7771,377.598,271.547
433.722,84.8921,426.299,345.766
338.171,82.5344,336.838,319.5
340.761,84.0412,338.886,321.532
376.063,83.4876,372.281,329.953
363.093,103.956,354.833,345.556
401.999,98.9879,392.926,350.774
473.346,114.927,456.808,383.76
340.734,33.8725,351.714,276.174
369.618,89.1328,364.781,333.515
446.145,96.4762,435.305,359.612
540.714,104.49,523.113,391.099
557.409,100.688,539.749,391.767
557.035,99.3587,539.671,390.424
530.71,94.6146,515.74,379.306
561.524,78.9242,548.132,372.489
557.509,104.701,539.008,395.565
561.355,80.5184,547.645,373.93
550.773,95.2168,534.604,384.953
540.452,97.2907,524.394,384.279
559.742,96.176,542.897,388.125
558.63,87.6034,543.611,379.86
548.526,108.011,529.784,396.399
506.898,105.563,490.789,383.53
507.351,103.119,491.759,381.354
494.516,23.6693,497.03,305.232
739.767,17.1484,726.116,360.254
677.561,71.7448,658.853,395.097
715.458,14.9865,703.874,352.242
651.977,109.973,627.737,424.581
734.71,80.1918,711.345,417.421
680.081,28.8482,668.656,356.097
679.128,114.805,652.697,436.154
681.012,28.7211,669.546,356.211
702.856,29.8682,689.711,362.7
731.817,38.8007,715.288,378.136
779.263,35.5105,760.128,386.961
734.989,97.8931,708.723,434.239
659.194,99.1809,636.577,416.206
657.61,47.1795,644.469,367.291
642.873,109.952,619.077,422.265
726.842,60.6148,707.112,397.1
742.737,103.131,715.23,441.181
725.326,23.7413,711.639,362.697
137.834,212.703,106.664,390.685
116.408,145.369,108.147,321.173
117.606,145.554,109.231,321.652
138.498,222.858,104.088,400.234
141.773,206.551,112.184,386.831
140.325,204.157,111.565,384.15
35.013,143.761,30.9801,298.864
54.9206,135.272,52.8545,296.124
34.3041,154.372,26.6411,308.477
33.7897,153.922,26.3052,307.927
158.026,136.565,150.686,323.588
131.718,218.875,98.3126,396.114
116.145,168.1,100.468,342.366
118.184,171.848,101.196,346.422
69.1314,140.054,64.7831,304.16
68.7752,132.459,66.9885,297.068
152.066,156.333,138.759,340.504
100.481,180.408,81.3154,349.912
106.47,175.1,88.8561,346.443
116.238,174.997,98.2861,348.891
121.784,188.832,99.0752,363.409
157.837,223.004,122.833,405.659
113.931,221.132,80.6257,392.404
100.585,208.135,72.0602,376.364
147.754,169.809,130.328,352.039
168.191,126.131,163.639,316.411
265.417,230.782,225.512,441.482
180.426,144.51,169.6,336.713
180.12,144.17,169.412,336.318
190.937,220.697,155.857,412.108
206.625,145.865,194.23,344.691
243.217,198.928,213.466,404.61
169.629,154.745,156.099,343.493
262.623,228.316,223.52,438.322
264.567,227.949,225.532,438.472
269.658,156.483,251.483,370.834
238.258,156.148,221.459,362.445
242.918,231.068,203.407,435.854
252.804,190.959,225.143,399.417
288.849,139.113,274.78,359.416
254.169,216.206,218.912,424.245
173.994,131.116,167.592,322.609
301.785,144.023,285.777,367.348
260.482,224.401,222.605,433.917
280.206,125.808,270.305,344.636
226.115,145.482,212.982,349.326
266.864,138.695,253.9,353.398
280.678,128.847,269.878,347.674
278.623,165.582,257.479,381.785
291.911,217.867,255.216,435.774
168.25,136.45,160.47,326.092
233.61,214.976,199.258,417.645
254.434,172.197,232.266,381.867
353.986,121.878,341.551,359.901
369.321,221.59,329.753,459.72
441.549,179.191,410.972,436.99
349.652,159.271,327.518,394.076
444.505,124.911,426.997,385.839
395.809,168.794,369.438,415.106
405.196,123.889,389.791,374.844
342.685,170.985,317.649,403.507
340.365,149.124,321.322,382.067
342.488,170.275,317.652,402.775
459.869,144.193,437.082,408.062
339.812,133.777,324.901,367.439
442.777,150.113,419.271,409.324
452.726,134.069,432.657,396.602
457.103,233.686,412.563,494.822
330.353,182.63,302.564,411.489
425.502,191.586,392.328,444.91
340.392,141.083,323.504,374.469
448.791,170.302,420.148,430.256
470.521,141,448.038,407.751
437.973,120.766,421.769,380.268
334.454,176.892,308.105,407.026
454.922,134.035,434.763,397.131
340.464,221.2,301.672,451.74
600.859,129.982,575.125,430.633
503.341,122.402,483.657,398.481
598.497,181.849,562.298,480.331
507.909,171.072,477.015,446.321
560.293,173.649,527.053,462.375
553.228,171.431,520.706,458.381
558.743,124.871,535.953,414.982
508.085,172.446,476.871,447.702
571.183,125.107,547.775,418.386
495.004,209.072,455.649,480.21
599.864,153.836,569.356,453.351
608.474,138.531,580.703,440.788
609.265,138.325,581.502,440.793
594.706,125.803,570.087,425.064
618.799,152.479,587.841,456.916
495.008,125.839,474.936,399.614
624.628,145.565,594.806,451.722
584.85,192.883,546.743,487.679
517.274,163.676,487.734,441.546
615.639,220.2,571.066,523
625.029,152.059,593.916,458.114
507.586,219.142,465.556,493.537
669.609,132.069,640.482,450.252
658.052,156.893,624.769,471.334
742.526,184.187,701.583,520.115
666.439,166.082,631.133,482.463
704.696,175.324,666.439,501.48
757.42,152.395,721.266,492.587
718.231,166.136,681.152,495.926
742.807,157.29,706.378,493.614
705.924,129.589,675.675,457.17
675.422,128.002,646.786,447.82
651.978,163.972,617.573,476.653
730.486,195.8,687.878,528.585
762.294,156.62,725.277,497.992
658.287,169.122,622.68,483.358
717.849,130.171,686.986,460.789
750.979,143.016,716.603,481.76
757.907,223.033,710.017,563.298
782.102,183.176,740.182,529.433
750.599,142.876,716.26,481.526
699.125,140.378,667.271,465.858
91.4401,317.315,24.6713,481.92
118.822,271.966,67.9942,443.596
118.048,266.721,69.0481,438.176
121.815,345.785,44.8644,519.422
119.966,341.744,44.4576,514.734
122.317,269.314,72.3655,441.885
152.914,321.089,84.886,502.302
153.098,338.156,79.1183,519.941
153.333,339.719,78.807,521.624
82.2983,324.343,12.949,486.632
152.915,313.118,87.6479,494.145
88.2598,332.597,15.8983,496.697
123.943,357.157,42.9024,531.837
122.86,336.959,49.0916,510.571
201.591,267.483,151.301,461.023
190.318,278.314,136.715,468.553
220.928,262.118,172.113,460.792
220.946,265.633,171.013,464.308
218.057,277.946,164.217,475.894
213.256,257.07,166.156,453.73
239.383,344.491,163.956,549.937
292.699,342.892,218.298,562.717
203.538,345.425,127.472,541.152
243.792,247.388,199.24,452.199
234.266,264.052,184.668,466.251
170.888,273.117,119.206,458.169
243.929,322.705,175.608,528.509
173.514,316.694,107.037,503.316
263.913,327.725,194.077,539.082
252.011,246.755,207.513,453.74
181.895,302.44,120.221,491.04
212.494,306.506,149.407,503.395
174.386,315.8,108.215,502.634
271.128,321.467,203.3,534.541
208.194,284.896,152.24,480.104
463.135,305.91,400.175,570.146
435.051,311.372,370.615,568.251
381.679,340.426,308.877,584.292
357.149,274.467,303.122,509.404
424.085,335.254,353.12,590.371
443.393,315.382,377.912,574.689
409.335,262.166,358.164,510.806
386.436,312.173,321.679,555.986
410.725,262.391,359.478,511.403
452.722,310.866,388.46,572.484
343.597,271.128,290.638,502.436
352.92,314.406,287.455,549.276
343.659,273.571,290,504.928
437.301,323.518,369.62,581.569
446.652,263.099,394.819,521.663
353.956,266.137,302.316,500.116
343.871,252.012,296.35,483.252
343.15,268.12,291.056,499.274
410.797,310.288,346.607,560.587
448.743,264.27,396.587,523.41
446.508,259.018,395.725,517.483
635.504,254.761,583.51,563.316
522.24,272.555,467.371,551.443
489.623,308.465,426.056,579.917
517.701,310.549,453.685,589.668
498.776,273.489,443.859,546.146
509.87,263.02,457.384,538.408
633.773,267.143,579.245,575.606
488.082,321.385,421.242,593.06
502.059,265.493,449.06,538.833
643.856,255.268,591.666,566.055
673,271.078,617.399,590.135
737.878,245.92,686.35,581.407
737.472,247.566,685.658,582.994
660.874,270.268,605.509,586.082
685.077,269.289,629.736,591.551
660.496,250.506,609.065,565.599
683.967,266.272,629.217,588.125
155.013,409.069,55.7332,595.391
120.784,394.061,26.1577,569.91
155.234,411.628,55.0277,598.213
121.442,394.053,26.8333,570.082
215.604,391.728,123.952,593.506
188.943,401.054,93.4095,596.172
246.565,387.217,157.136,597.157
173.777,398.946,78.6644,589.568
181.547,402.499,85.3344,595.623
