61.5077,85.0303,63.6615,350.037
50.1255,74.9067,53.0514,340.786
38.4357,108.991,39.665,373.996
83.9403,106.214,84.6752,369.616
79.6657,79.4644,81.7148,344.05
79.8117,80.7473,81.7981,345.27
145.963,108.844,145.679,369.862
133.985,111.524,133.79,372.903
73.1344,75.2341,75.5273,340.256
91.5599,110.97,91.9727,373.942
61.5543,77.2509,64.1048,342.602
77.0661,81.1683,79.091,345.772
35.917,94.1042,38.05,359.682
98.6931,106.596,99.1932,369.438
37.6453,83.6152,40.3514,349.551
103.765,28.5921,107.309,295.289
33.3713,86.0538,36.0198,352.043
114.547,82.7711,115.71,345.945
115.481,87.0446,116.465,349.998
53.532,85.63,55.8121,350.904
74.8695,94.0127,76.3261,358.165
115.385,82.1197,116.555,345.292
126.807,107.572,126.85,369.341
215.414,113.905,213.998,372.188
268.762,115.887,266.551,372.128
311.017,116.576,308.174,371.227
198.401,109.404,197.305,368.459
213.934,99.1357,212.721,357.955
275.318,111.369,272.992,367.506
188.556,97.7978,187.831,357.604
270.526,87.6602,268.221,344.872
281.087,33.6114,278.274,293.603
212.035,90.1675,210.971,349.417
290.699,94.4505,287.995,350.652
200.6,96.3148,199.675,355.758
201.923,91.7772,201.042,351.354
180.556,108.898,179.745,368.631
270.614,100.511,268.338,357.187
188.428,86.805,187.911,347.067
312.872,101.161,309.794,356.254
230.547,103.504,228.992,361.54
272.31,26.5312,269.793,287.331
172.897,109.288,172.195,369.293
280.647,53.5533,277.947,312.235
303.903,112.659,301.125,367.698
232.692,116.202,231.005,373.774
189.113,112.516,188.103,371.818
435.767,101.332,430.217,351.842
380.629,101.248,376.214,353.864
420.297,96.4368,414.87,347.744
417.709,113.059,413.01,363.818
411.102,117.721,406.701,368.539
376.198,114.189,372.257,366.495
366.542,102.801,362.453,355.851
472.165,18.2413,461.427,272.515
353.807,114.179,350.239,367.318
444.67,64.8937,437.229,316.934
451.48,64.1876,443.798,316.035
422.481,28.5396,414.243,283.809
429.786,112.342,424.837,362.46
437.741,89.9274,431.633,340.86
422.228,105.458,417.132,356.296
400.045,81.7925,394.552,335.731
369.457,10.6327,362.798,269.238
438.814,90.6099,432.711,341.472
368.421,36.4663,362.492,293.106
436.625,105.719,431.255,356.016
425.828,74.6674,419.364,326.822
331.049,46.1899,326.642,303.552
380.795,52.6974,374.899,307.82
423.407,93.3528,417.783,344.68
505.853,100.419,498.738,348.413
524.685,11.0151,511.235,264.077
501.763,43.051,491.245,294.426
602.304,87.9204,591.888,332.958
504.472,40.8035,493.718,292.241
504.594,40.7774,493.834,292.212
591.707,12.2504,575.319,262.817
588.435,38.607,574.325,287.179
612.126,43.7567,597.54,291.112
604.193,28.3851,588.6,277.199
600.863,110.328,592.436,354.391
604.021,25.1223,588.159,274.203
492.165,101.726,485.43,350.144
638.004,112.683,629.014,355.285
496.12,87.7711,488.459,336.67
584.671,88.4963,574.772,334.137
709.681,11.3397,687.736,257.828
669.313,96.3542,657.948,338.509
769.874,111.377,757.825,349.181
773.692,103.034,760.456,341.058
715.132,109.903,704.158,349.782
776.999,11.8517,751.905,255.922
781.722,109.167,769.104,346.651
709.716,70.9036,694.407,312.957
781.372,93.048,766.615,331.293
701.701,84.01,688.116,325.628
762.192,70.2151,745.071,310.451
771.792,17.3374,747.634,261.108
657.614,113.276,648.271,355.132
666.302,98.8336,655.272,340.997
22.4684,136.479,22.191,401.455
95.8923,147.744,94.6528,409.776
95.4198,148.801,94.1357,410.841
126.663,167.411,124.589,428.162
128.759,148.877,127.341,409.655
130.082,137.45,129.052,398.363
148.105,130.906,147.138,391.265
149.619,131.725,148.614,392.011
15.2923,144.627,14.5298,409.738
20.3298,209.684,15.3225,475.039
22.7546,152.654,21.4542,417.437
120.054,172.095,117.796,433.124
22.5075,188.91,18.883,453.801
23.1611,150.248,22.0121,415.034
46.0722,157.857,44.4344,421.701
120.977,173.83,118.655,434.828
23.5924,161.41,21.7359,426.121
53.7824,174.666,51.2019,438.266
48.9069,156.273,47.3571,420.017
22.3567,184.38,19.0239,449.226
78.2423,176.366,75.668,439.037
118.961,219.061,114.885,480.812
102.51,129.868,101.99,391.957
103.456,151.984,102.007,413.716
55.8722,129.188,55.7836,393.038
199.415,141.386,197.787,399.628
274.004,152.687,271.839,407.936
307.224,142.353,304.749,396.526
306.475,154.137,304.148,408.144
200.414,162.43,198.44,420.414
186.124,200.402,183.404,459.115
162.368,128.743,161.324,388.614
198.076,214.301,195.22,472.848
186.498,174.58,184.303,433.051
224.314,161.574,222.306,418.631
199.998,193.95,197.506,452.062
169.135,210.12,166.016,469.728
177.291,126.254,176.151,385.624
173.744,213.381,170.601,472.882
296.73,224.068,295.127,479.016
200.083,194.413,197.584,452.528
292.576,213.622,290.826,468.48
226.473,161.049,224.465,418.027
191.893,169.196,189.808,427.459
298.405,207.555,296.656,462.069
397.873,210.859,397.081,461.765
379.723,146.115,376.712,397.499
429.821,127.203,425.525,376.966
398.077,199.716,396.882,451.505
429.084,155.155,426.033,404.457
440.094,145.163,436.495,394.246
439.711,145.062,436.111,394.161
420.632,145.165,417.219,394.979
381.733,171.826,379.528,422.88
397.836,220.809,397.412,471.463
419.516,145.173,416.114,395.029
428.111,174.323,425.919,423.531
428.158,237.026,428.81,486.87
325.083,135.871,322.346,389.498
326.591,136.658,323.851,390.212
432.668,142.604,429.025,392.014
364.838,179.553,362.876,431.22
414.466,181.354,412.586,431.103
444.085,148.824,440.624,397.694
418.962,219.533,418.718,469.558
339.195,133.637,336.263,386.784
420.049,198.433,418.903,448.071
614.447,122.647,606.861,365.799
598.077,150.485,593.238,393.54
608.409,160.514,604.378,402.997
525.672,177.145,523.433,422.633
516.786,228.271,518.116,474.695
527.347,157.773,523.732,403.344
496.943,230.944,498.216,478.212
600.135,171.605,597.171,414.316
528.566,146.558,524.151,392.295
529.015,148.634,524.742,394.316
507.038,213.953,507.29,460.45
591.952,158.2,587.849,401.333
547.207,140.163,542.111,385.334
498.695,197.066,497.792,443.666
580.31,138.689,574.667,382.657
497.523,228.34,498.633,475.517
534.733,165.827,531.646,411.037
484.675,147.045,480.74,394.42
498.79,199.707,498.058,446.328
524.657,140.055,519.833,386.072
539.18,129.847,533.432,375.533
494.904,177.414,492.752,424.072
587.347,157.943,583.261,401.253
599.338,181.252,597.25,423.951
632.943,124.693,625.218,367.093
776.357,122.674,765.662,359.823
711.678,125.464,702.597,364.92
778.051,155.274,771.724,391.484
668.857,124.7,660.484,365.768
779.402,155.321,773.065,391.479
706.418,163.385,701.861,402.133
787.257,184.633,784.917,420.145
779.253,174.619,775.565,410.52
726.087,144.863,719.088,383.238
727.497,145.667,720.576,383.97
771.577,163.091,766.377,399.386
779.428,168.984,774.963,404.935
699.198,217.822,701.116,456.948
768.851,163.185,763.69,399.582
762.722,211.178,764.073,447.735
654.277,160.264,649.833,401.02
779.604,229.258,783.566,465.48
141.954,268.033,136.591,530.869
142.179,247.663,137.504,509.493
113.363,303.394,105.692,569.688
26.9985,302.049,16.0011,571.751
31.1762,262.557,22.9375,529.509
140.826,301.562,134.28,566.601
141.632,299.679,135.18,564.575
100.283,327.781,90.9608,596.679
153.612,265.829,148.645,528.081
89.8134,251.995,83.7274,516.085
145.613,258.575,140.662,520.773
130.341,303.865,123.31,569.505
59.1006,301.856,49.3862,570.238
89.5658,252.014,83.4728,516.114
28.2814,255.793,20.404,522.51
139.256,292.695,132.96,557.188
26.3316,290.205,16.1052,559.089
29.5336,254.381,21.7816,520.978
11.0266,253.994,2.81406,521.308
19.8948,254.634,11.8698,521.653
134.874,273.138,129.129,536.528
19.9632,253.473,12.0187,520.432
61.9941,326.922,50.9434,597.291
135.59,258.341,130.39,520.925
129.918,255.011,124.695,517.651
181.152,259.151,177.088,519.956
172.116,259.412,167.816,520.598
172.065,253.762,167.905,514.68
165.161,248.147,160.987,509.089
204.351,307.244,200.089,570.135
232.533,335.44,229.114,599.625
185.478,256.792,181.573,517.311
166.336,267.515,161.673,529.35
277.831,331.14,276.473,593.044
266.911,257.919,264.948,515.259
175.372,248.351,171.421,508.898
308.293,308.906,307.974,567.699
264.468,256.955,262.447,514.348
237.048,306.845,234.04,568.376
172.711,303.941,167.306,567.865
210.592,313.963,206.472,577.13
307.783,270.674,306.936,527.026
203.506,295.224,199.41,557.296
283.088,332.761,281.973,594.595
188.698,258.921,184.828,519.415
220.083,311.601,216.374,574.193
265.232,268.549,263.242,526.485
239.929,331.964,236.876,595.475
444.281,275.866,447.163,526.673
454.133,342.444,460.975,598.099
435.441,297.945,439.196,550.784
361.906,272.152,362.511,526.423
453.959,341.987,460.767,597.607
434.086,297.029,437.752,549.862
426.262,281.561,428.946,533.488
407.211,273.492,409.035,526.001
406.861,331.663,411.109,588.263
443.953,255.37,445.781,505.544
461.125,282.964,464.844,533.653
432.255,276.301,434.854,527.934
427.784,311.493,431.94,565.573
377.416,266.177,378.228,519.551
377.018,337.826,380.203,596.259
408.723,333.914,413.147,590.636
408.79,332.048,413.136,588.603
432.025,319.689,436.739,574.233
371.116,334.862,373.942,593.268
512.328,314.826,519.729,565.724
604.932,318.655,615.962,566.081
497.493,267.092,501.15,515.687
515.627,265.049,519.544,512.828
573.209,313.817,582.671,562.168
541.819,344.767,552.716,597.026
509.663,272.943,513.988,520.986
487.05,262.996,490.21,511.788
541.472,344.151,552.3,596.317
494.264,321.59,501.473,573.775
589.365,240.896,592.612,484.55
492.299,320.467,499.358,572.643
482.882,272.219,486.517,521.291
579.095,277.345,585.452,523.157
515.988,268.059,520.128,515.965
578.869,277.095,585.199,522.903
505.138,247,507.597,494.453
588.374,286.324,595.786,532.265
533.424,275.279,538.499,522.665
504.063,339.831,512.933,593.167
570.239,328.122,580.877,577.71
596.571,268.892,602.552,513.639
611.007,324,622.792,571.594
488.511,340.02,496.72,594.013
605.745,330.889,618.025,579.255
691.444,319.705,705.611,563.696
752.002,320.087,768.276,561.648
721.464,316.205,736.194,558.75
721.361,317.472,736.253,560.083
765.082,283.128,776.48,521.849
721.655,349.817,740.89,595.138
721.612,350.423,740.927,595.802
664.831,267.765,672.113,509.728
700.423,327.628,715.904,571.866
693.607,332.845,709.494,577.783
750.193,333.201,768.262,575.857
744.806,325.617,761.61,567.891
669.374,326.18,683.545,571.594
707.19,271.134,715.732,511.57
733.157,320.068,748.793,562.393
687.222,266.922,694.852,507.987
691.717,344.306,708.97,590.307
780.422,261.48,789.017,498.637
777.329,259.858,785.639,497.074
661.618,269.996,669.087,512.2
686.616,351.777,704.591,598.7
