55.3966,88.7355,128.068,324.792
69.2083,71.7269,142.757,306.769
144.276,108.375,209.297,342.678
123.435,114.729,188.766,347.707
66.0122,86.8052,137.937,320.608
57.2245,110.995,126.477,341.083
127.394,110.877,192.955,344.25
49.165,18.7702,130.533,257.679
63.6697,74.1769,137.277,308.791
135.711,111.087,200.85,344.84
62.2511,99.5602,132.633,330.593
110.915,114.553,176.878,346.949
68.3898,79.9768,140.997,314.369
54.687,27.8829,134.528,266.111
101.687,24.9535,178.432,265.375
297.699,32.4559,362.34,280.521
226.875,16.0615,296.425,262.581
226.422,14.4258,296.132,261.076
199.931,18.5577,270.874,263.753
305.556,38.9444,369.422,286.844
173.446,24.7108,245.461,268.264
173.17,23.0959,245.355,266.784
247.108,46.4621,313.144,291.297
300.754,25.9276,365.679,274.643
291.934,28.1827,357.13,276.346
283.896,20.3536,350.019,268.833
287.999,48.3077,352.009,294.765
287.801,46.7081,351.929,293.273
242.526,91.3415,304.881,331.169
287.911,48.6184,351.903,295.05
235.598,54.1066,301.586,297.878
202.303,56.4768,269.759,298.632
175.239,103.737,239.309,339.746
330.424,34.4779,393.5,283.772
460.587,16.0716,519.742,272.242
337.888,40.3934,400.318,289.552
461.348,85.354,518.213,335.759
337.233,24.904,400.569,275.226
362.671,33.1707,424.529,283.933
337.914,22.9987,401.328,273.502
337.918,40.7777,400.325,289.91
337.996,21.7408,401.477,272.348
386.746,28.3129,447.936,280.458
374.539,22.0506,436.481,274.159
345.43,105.797,403.575,349.826
409.439,94.8615,466.801,342.404
403.188,94.8169,460.667,342.065
439.834,96.5534,496.654,345.477
557.243,75.7652,613.403,331.088
607.38,65.2018,663.399,323.308
607.61,66.2619,663.639,324.334
559.273,79.0698,615.416,334.356
562.56,83.2583,618.685,338.543
581.719,65.1953,637.789,322.109
617.403,55.7389,673.312,314.726
567.091,65.2412,623.227,321.475
518.538,73.7201,574.977,327.317
704.085,45.0966,759.985,308.538
704.726,47.9913,760.73,311.334
656.423,55.6103,712.37,316.4
656.721,56.9315,712.698,317.678
703.965,59.398,760.354,322.24
679.496,45.8291,735.285,308.115
660.262,111.781,717.532,371.116
718.702,36.1723,774.378,300.693
666.613,46.149,722.37,307.833
665.317,45.8729,721.064,307.512
670.687,46.37,726.46,308.23
86.5579,165.173,147.689,394.264
86.1598,164.603,147.377,393.692
26.1866,206.223,84.5221,432.767
66.7239,149.816,130.617,378.411
104.622,207.655,159.989,436.831
99.9902,154.344,161.865,384.476
128.415,151.898,189.425,383.538
105.927,155.005,167.479,385.411
32.5758,212.312,89.8467,439.254
109.568,156.128,170.842,386.677
23.126,207.322,81.4081,433.514
214.868,141.161,273.946,377.481
217.934,136.913,277.296,373.533
231.381,207.007,284.215,443.091
292.572,193.91,345.838,433.338
212.283,200.358,266.001,435.411
212.18,130.738,272.282,367.306
297.473,166.785,352.632,406.691
266.592,183.774,320.912,421.853
256.445,183.715,310.916,421.254
183.938,207.305,237.481,440.791
337.387,178.672,391.359,420.565
364.968,173.205,419.117,416.601
382.573,160.924,437.277,405.355
352.178,181.396,405.918,424.07
351.972,181.098,405.73,423.762
468.414,125.262,524.14,374.697
410.02,169.948,464.263,415.758
409.832,169.973,464.073,415.773
411.252,176.588,465.206,422.393
452.559,233.589,504.948,482.676
378.94,173.075,433.053,417.215
507.608,144.523,563.007,395.644
563.527,205.064,619.424,459.731
505.854,143.021,561.266,394.067
564.324,206.828,620.242,461.589
564.958,208.072,620.894,462.904
557.049,131.444,613.015,385.263
530.971,138.229,586.641,390.626
531.448,137.556,587.13,389.985
609.569,208.516,667.071,465.933
571.205,135.778,627.331,390.277
609.604,229.122,667.33,487.325
571.254,136.145,627.381,390.643
587.257,196.553,643.887,452.355
574.548,197.311,630.785,452.411
595.224,194.605,652.098,450.812
504.583,222.079,558.589,473.838
658.33,183.115,717.244,442.61
659.447,184.86,718.446,444.458
660.105,186.072,719.159,445.736
724.289,164.392,785.211,427.172
680.559,175.095,740.108,435.66
681.017,175.118,740.584,435.709
649.162,189.148,707.865,448.271
673.377,220.062,733.928,481.657
714.592,165.168,775.146,427.428
728.582,223.282,792.269,488.324
729.002,222.2,792.666,487.212
733.395,162.404,794.615,425.649
52.423,311.292,95.4828,540.732
108.789,281.362,155.084,511.486
41.0833,282.196,88.357,509.722
30.9758,274.122,79.5635,500.586
113.842,321.889,155.68,559.233
31.1739,301.478,75.8081,528.488
18.9275,264.186,69.1854,489.382
133.408,297.935,177.555,530.208
55.0035,318.014,97.1158,548.054
15.7086,265.397,65.8153,489.82
27.5429,303.832,71.8664,530.476
22.2675,278.58,70.3604,504.219
57.9277,316.41,100.247,546.599
244.252,344.61,284.719,586.749
242.925,281.195,289.122,519.495
256.42,302.287,300.916,542.432
250.692,290.644,296.127,529.84
185.774,290.102,230.805,525.271
279.01,267.992,326.631,507.962
258.741,323.982,301.392,565.588
466.64,290.858,517.718,543.641
415.001,304.084,463.561,554.451
425.979,305.082,474.92,556.228
416.55,305.431,465.11,555.992
424.943,306.052,473.803,557.2
402.671,296.649,451.13,545.73
615.84,253.27,674.149,513.08
613.835,251.96,672.025,511.571
516.527,276.279,570.056,531.284
504.952,271.665,558.065,525.666
578.396,267.178,634.902,525.498
529.757,279.269,583.847,535.3
578.636,268.188,635.157,526.587
626.821,255.83,685.746,516.471
529.584,279.692,583.661,535.74
580.774,272.365,637.415,531.168
484.37,267.869,536.757,520.375
535.002,289.146,589.227,546.13
663.659,242.945,724.326,505.104
691.884,311.496,756.577,580.784
695.157,315.076,760.243,584.945
711.477,300.353,777.296,569.882
711.966,300.751,777.841,570.35
720.462,297.233,786.862,567.069
701.11,302.306,766.191,571.326
