140.775,22.7277,319.604,118.226
43.5272,13.5694,236.196,142.753
138.12,83.7686,334.806,173.439
113.823,64.6206,308.645,164.411
140.871,78.7232,335.714,168.023
95.019,91.3826,300.379,194.244
106.397,82.6602,307.48,182.838
21.4432,48.5176,227.846,180.213
38.2831,25.9979,235.339,155.251
42.5408,47.3967,244.669,172.482
56.9916,61.1741,260.303,179.867
117.557,57.9189,309.923,157.231
145.58,76.4414,339.101,164.423
114.576,74.37,312.053,172.81
65.4593,31.0488,258.932,150.771
151.881,108.313,353.772,190.907
66.2057,64.6227,268.833,179.93
59.9042,33.462,255.036,154.699
179.404,109.218,378.019,182.666
273.635,94.2959,458.109,136.961
270.974,89.5445,454.219,133.519
209.122,114.594,405.864,177.651
247.377,91.6998,433.397,143.713
183.959,94.1415,377.608,167.519
275.631,102.709,462.519,144.019
311.662,35.7659,475.124,69.4016
251.044,98.5801,438.803,148.75
189.189,79.956,378.03,152.95
268.076,106.119,456.629,149.789
263.032,51.0289,435.258,101.026
313.24,99.2447,496.308,127.573
307.08,91.9682,488.29,123.008
185.26,70.8222,371.903,146.047
167.383,32.3436,345.139,117.665
310.684,62.5832,482.53,94.5019
385.923,63.2472,553.988,67.3141
460.471,93.3035,637.333,67.4995
428.227,109.286,610.413,95.0421
381.126,65.3267,550.031,71.0711
361.828,40.442,523.67,55.0361
350.369,79.8206,525.244,96.0514
346.288,97.4321,526.946,114.014
364.512,32.1974,523.577,46.351
440.234,85.3525,614.426,67.6471
350.448,79.4028,525.184,95.6327
390.031,41.9451,551.104,45.756
463.607,103.966,644.083,76.5404
453.837,96.9973,631.892,73.589
417.498,108.976,599.682,98.7574
399.071,55.0708,564.106,54.634
340.57,79.9969,516.005,99.7991
361.901,77.8381,535.575,89.9641
376.339,51.7334,541.107,60.1154
374.72,46.2286,537.802,55.5739
481.497,101.508,661.397,67.2898
494.539,110.244,677.711,70.6954
505.275,97.2153,684.354,53.8556
553.77,93.2105,733.552,30.6547
551.934,115.452,739.459,53.2238
83.9423,147.928,307.033,247.964
84.2623,148.113,307.355,248.03
146.662,167.964,366.588,246.38
89.465,159.744,315.059,256.796
141.064,185.341,366.784,263.864
37.5837,184.301,278.486,294.295
153.016,135.168,362.571,214.72
88.0937,138.779,307.96,238.527
126.467,212.67,362.047,293.107
126.64,210.902,361.683,291.452
70.9617,152.927,297.54,256.405
72.6721,154.446,299.405,257.231
36.5683,156.403,269.86,269.931
109.754,145.345,328.221,237.617
200.359,174.116,415.836,234.896
227.525,136.948,429.093,191.922
304.879,160.901,507.729,188.006
213.242,132.633,414.956,192.726
269.951,172.078,478.598,210.222
222.495,128.538,421.878,185.929
280.069,213.527,500.888,245.596
209.875,169.534,422.87,227.64
203.998,160.59,415.046,221.331
314.014,162.057,516.707,185.964
214.273,160.043,423.87,217.519
215.776,148.483,421.982,206.39
290.941,159.643,494.269,191.576
269.702,130.821,465.684,172.034
192.849,193.671,414.964,255.221
244.251,143.283,446.173,192.154
214.129,164.914,425.439,221.998
168.178,136.134,376.098,210.693
275.243,206.454,494.171,240.547
267.001,202.418,485.219,239.471
262.035,123.699,456.469,168.076
235.815,182.336,450.364,230.983
409.632,142.917,603.047,134.051
358.558,181.73,565.616,189.188
366.143,180.515,572.424,185.428
364.79,215.611,582.639,219.343
377.04,175.487,581.566,176.807
372.105,188.079,580.856,190.534
339.141,162.192,540.626,177.427
352.769,233.224,576.587,240.237
356.451,176.093,561.48,184.615
344.838,209.316,561.204,220.106
421.309,220.91,640.477,204.976
406.719,155.686,604.355,147.321
466.159,216.265,684.602,184.597
390.597,210.575,606.386,205.666
358.575,209.852,574.501,215.986
377.583,192.481,587.649,192.834
441.088,195.053,651.812,172.906
367.944,209.139,583.622,212.08
336.066,174.561,541.646,190.16
552.721,195.212,768.405,131.873
568.537,162.723,773.893,93.4404
497.627,135.915,689.685,94.4586
558.762,170.906,766.289,105.375
497.015,135.217,688.81,94.0136
563.6,212.529,786.305,145.043
552.389,129.448,744.819,66.8371
590.311,150.54,793.09,72.7191
488.42,135.677,680.11,97.7399
500.337,208.002,717.257,164.1
491.672,188.199,701.435,147.812
108.215,321.278,377.873,397.387
149.589,331.448,417.459,395.14
113.847,307.039,378.63,382.766
26.6669,308.181,304.129,407.913
16.0266,246.96,278.085,356.131
93.4549,325.769,366.285,405.589
27.1782,270.963,294.09,374.416
29.2674,269.579,295.449,372.597
43.0402,272.143,307.739,371.048
150.923,323.8,416.366,387.684
83.8812,294.141,348.837,379.45
50.3626,283.417,317.124,379.135
84.3399,290.944,348.309,376.418
88.2043,353.021,369.68,431.955
48.7411,256.61,308.131,355.509
245.507,310.334,498.716,347.466
209.506,291.428,459.324,340.529
194.005,344.286,461.539,394.474
170.974,336.936,438.344,394.176
214.798,300.612,467.797,347.524
220.29,283.439,467.578,329.811
219.875,283.365,467.173,329.867
269.709,345.87,532.643,373.93
176.035,298.022,430.92,356.566
318.241,356.651,582.722,369.76
258.481,255.375,493.737,291.77
180.617,282.233,430.536,340.589
258.707,256.56,494.316,292.812
244.739,252.723,480.007,293.6
226.414,268.469,468.102,313.977
245.064,253.553,480.563,294.275
268.855,281.312,511.551,312.95
185.431,280.581,434.382,337.628
451.197,267.975,686.773,240.571
472.001,259.911,705.585,225.423
454.84,259.485,687.661,230.969
456.071,326.906,712.072,297.13
468.69,249.198,698.469,216.025
371.188,330.538,626.654,328.121
380.799,259.949,612.897,256.561
374.248,250.086,603.153,249.237
337.838,277.093,576.232,287.13
380.128,350.471,642.239,344.766
528.409,261.249,765.638,206.77
517.801,290.582,764.605,239.898
513.714,280.913,756.852,231.655
504.255,284.547,748.026,238.603
531.13,243.32,762.222,187.874
536.223,261.26,774.039,203.967
497.06,256.414,730.618,213.146
136.876,469.357,447.231,527.173
116.568,469.645,428.982,532.532
110.909,380.816,398.701,451.551
98.7017,457.653,409.699,525.853
141.363,463.533,449.536,520.561
67.7027,444.008,378.378,520.94
94.0172,472.357,409.905,540.713
141.991,448.173,445.715,506.017
130.354,425.693,428.294,487.955
154.411,453.098,458.512,507.454
68.1186,442.747,378.373,519.672
73.1981,377.183,363.651,458.084
99.4284,394.267,392.535,467.037
68.2083,447.646,379.886,524.173
101.24,401.903,395.268,473.449
92.976,463.706,406.383,532.906
135.832,457.19,442.9,516.066
70.3624,458.905,385.049,534.044
167.211,464.689,473.79,515.109
224.104,439.57,519.014,476.254
203.8,453.003,504.143,494.488
203.861,453.34,504.305,494.793
195.361,471.575,502.035,514.397
218.225,420.401,507.486,459.568
184.842,441.251,482.831,488.322
251.266,371.049,523.106,403.309
251.574,372.631,523.9,404.728
183.95,470.572,491.072,516.384
308.087,406.883,589.242,421.355
178.473,474.552,486.953,521.521
232.694,380.988,508.75,418.072
302.23,411.412,584.985,427.431
287.225,466.174,588.08,484.807
295.022,436.272,586.003,453.587
200.738,418.38,490.515,462.402
195.395,442.606,493.05,486.817
200.84,474.226,507.987,515.509
192.359,440.433,489.556,485.56
415.79,418.923,701.733,401.385
323.942,365.85,591.46,376.939
416.048,420.071,702.394,402.451
418.959,408.058,701.326,389.602
384.244,370.078,652.915,362.705
436.039,406.997,718.741,383.304
467.794,395.041,748.033,361.402
419.534,409.846,702.534,391.207
466.036,391.708,744.971,358.609
465.556,391.354,744.338,358.405
439.575,387.063,715.559,362.301
436.31,387.186,712.195,363.447
427.874,396.686,706.68,375.538
462.235,394.559,741.975,362.674
463.265,457.255,765.03,425.602
434.775,394.762,713.203,371.479
471.072,473.533,779.188,439.804
429.6,374.028,700.677,352.463
500.55,392.612,782.203,348.488
485.828,440.046,783.173,401.266
499.462,395.588,782.087,351.853
505.977,407.129,793.276,361.476
127.107,542.039,460.706,598.251
127.282,542.362,460.964,598.517
127.994,497.978,448.112,556.386
101.648,517.86,430.297,581.44
118.647,491.646,437.741,552.716
108.775,502.797,432.18,565.586
85.1764,502.43,410.983,570.915
104.728,504.601,429.085,568.255
137.997,539.175,469.76,592.95
80.4459,524.66,413.386,592.815
115.061,511.461,440.457,572.218
116.149,521.095,444.35,581.034
79.5884,520.002,411.238,588.659
52.8278,495.7,380.504,572.354
113.466,492.818,433.423,555.084
103.709,487.155,422.965,552.158
164.858,549.692,497.849,596.605
217.707,564.059,552.306,597.804
181.126,549.789,513.09,592.812
174.968,528.676,500.749,574.059
173.609,528.042,499.285,573.784
176.619,529.411,502.518,574.36
181.441,532.813,508.087,576.443
217.81,563.784,552.318,597.513
205.975,534.72,531.783,572.262
167.054,517.573,489.923,565.384
246.174,542.822,572.892,570.156
196.396,524.234,519.429,564.533
287.421,549.345,615.41,566.183
173.629,516.13,495.583,562.391
173.785,517.468,496.168,563.636
214.986,529.988,538.847,565.467
291.122,502.01,603.591,518.747
237.723,533.918,561.869,563.604
260.944,526.298,581.932,550.324
238.624,535.755,563.326,565.163
238.624,535.979,563.398,565.381
399.68,571.274,737.45,559.154
357.522,511.151,673.164,509.972
357.004,511.143,672.633,510.105
321.656,555.927,651.805,563.98
345.205,561.944,677.738,563.93
443.796,545.982,775.496,521.521
389.187,572.212,726.757,562.854
449.283,539.045,778.936,512.911
349.18,570.987,684.897,571.972
406.911,530.975,731.85,516.511
465.869,498.603,782.479,466.887
350.312,573.014,686.747,573.715
454.865,547.109,787.844,519.623
466.181,542.799,798.533,512.048
437.913,499.081,752.771,475.44
354.594,574.793,691.753,574.406
376.827,521.712,696.589,515.282
388.811,503.145,702.638,493.381
