89.4454,82.8198,232.647,11.7042
52.7662,99.5854,199.434,31.4186
25.1249,112.095,174.718,45.9602
31.2496,96.3979,179.279,29.938
40.9784,78.7483,187.079,11.5986
231.128,90.9138,370.377,7.96063
262.853,97.6584,402.388,12.1833
262.9,97.6636,402.436,12.1848
293.369,108.842,434.322,21.0132
202.526,83.5628,341.704,2.88589
345.483,105.622,487.113,13.2573
77.8342,234.345,231.477,162.653
115.46,221.442,265.803,147.807
65.2231,166.674,215.425,96.9998
102.475,151.809,249.29,79.697
69.3203,166.93,219.248,96.9758
26.6049,228.708,183.96,160.07
46.9844,228.961,202.64,159.158
48.9755,229.525,204.507,159.594
40.067,146.077,190.774,78.4254
19.3579,194.498,175.038,127.247
52.5881,229.176,207.807,159.048
45.6533,196.295,199.276,127.366
42.7593,195.827,196.582,127.088
54.8204,228.112,209.793,157.884
53.0669,145.307,202.738,76.7487
65.7983,213.161,218.959,142.641
90.2065,171.965,239.037,100.548
40.2543,172.97,192.75,104.861
28.0193,183.648,182.236,116.111
313.287,200.212,458.663,113.574
274.355,156.559,416.804,71.8394
285.894,215.373,431.159,131.012
286.13,216.058,431.427,131.692
177.943,209.131,324.617,131.738
165.348,141.243,308.627,64.5209
238.17,149.918,380.414,67.7966
309.211,187.946,453.998,101.297
306.756,165.087,450.466,78.0134
307.434,165.789,451.182,78.6852
304.815,142.566,447.457,54.9625
304.742,143.615,447.433,56.0506
229.698,142.258,371.623,60.6414
206.429,203.113,351.957,123.86
251.204,136.534,392.674,53.1214
296.538,201.912,441.207,116.602
232.353,198.639,377.149,117.628
284.187,142.141,425.98,56.2849
273.119,206.285,417.947,122.633
380.216,173.454,525.682,81.2427
361.724,188.662,507.308,98.3484
353.286,146.735,496.892,55.5048
377.704,184.108,523.525,92.4922
451.202,206.517,601.113,110.595
363.342,200.96,509.478,110.936
353.859,217.22,500.48,128.309
368.742,212.496,515.482,122.466
331.419,179.833,476.055,91.3958
331.242,178.075,475.797,89.5978
375.403,219.202,522.582,128.937
419.135,221.824,567.868,128.772
366.187,210.897,512.8,120.989
352.797,130.258,495.682,38.3831
366.318,212.643,513.007,122.779
352.151,182.445,497.26,92.6052
343.889,198.052,489.515,109.275
332.408,197.534,477.843,109.529
421.212,219.687,569.966,126.412
580.212,209.406,739.583,104.646
488.575,233.445,640.983,136.418
579.907,209.501,739.249,104.77
535.507,169.706,689.687,65.5248
632.522,141.797,797.386,27.1033
569.517,158.822,726.665,51.102
538.847,181.959,693.641,78.3652
591.796,209.565,749.459,104.656
631.537,156.316,796.517,43.0607
503.381,198.835,655.777,98.9433
596.997,173.06,758.179,64.08
570.775,148.592,727.81,39.9514
542.689,229.709,699.041,128.888
609.831,228.53,773.509,122.866
600.35,169.877,761.841,60.3683
97.8441,304.229,254.409,229.619
94.7677,302.953,251.475,228.524
128.81,291.558,282.559,215.844
90.468,302.398,247.454,228.184
66.3651,311.273,225.769,237.837
36.5534,278.498,196.345,207.668
60.757,278.331,218.513,206.315
64.3832,312.163,224.005,238.78
31.9347,258.236,190.792,188.358
58.0748,277.832,216.016,205.965
62.507,311.898,222.266,238.608
52.3596,259.639,209.591,188.648
91.0549,349.608,250.893,273.674
75.9631,343.216,236.602,268.125
69.9709,310.76,229.052,237.183
116.145,310.279,271.806,234.657
48.2331,268.843,206.404,197.767
239.965,318.831,390.685,237.319
297.708,275.108,445.736,190.71
267.026,276.903,415.279,194.201
196.969,282.469,346.992,203.489
297.921,275.781,445.979,191.376
247.931,264.61,395.812,182.958
280.835,264.583,428.398,181.067
405.142,299.359,556.257,209.417
412.431,351.181,565.455,261.826
429.053,248.146,579.174,155.414
356.405,267.715,505.19,179.791
431.963,272.066,583.04,179.95
387.414,312.548,538.578,223.743
459.504,264.978,611.779,170.981
378.431,269.892,527.718,180.767
460.382,264.608,612.696,170.544
324.932,268.012,473.424,181.861
385.574,260.188,534.649,170.426
372.297,307.307,522.959,219.174
402.012,340.595,554.583,251.507
393.105,265.949,542.607,175.894
357.151,299.033,507.249,211.554
470.643,300.834,624.672,207.46
379.636,345.026,531.917,256.969
330.407,285.394,479.689,199.147
349.167,345.437,501.119,258.698
376.464,274.028,525.873,185.101
384.742,296.03,535.203,207.082
379.894,288.531,529.954,199.701
393.931,336.288,546.151,247.508
508.499,329.822,664.995,235.644
556.517,268.52,715.01,169.032
498.461,281.254,652.929,185.773
561.744,288.691,721.165,189.969
537.091,349.531,696.032,254.709
517.857,250.97,672.792,152.938
560.065,280.877,719.158,181.843
599.018,256.894,758.17,154.828
554.384,242.051,712.048,141.19
524.259,296.176,680.895,199.891
575.306,341.916,737.091,245.037
632.06,348.388,796.377,249.937
632.28,350.289,796.69,251.919
101.1,401.441,263.317,322.92
69.1925,395.176,233.592,317.953
91.4467,403.46,254.544,325.136
92.7046,400.265,255.508,322.056
116.915,423.767,279.3,343.727
43.5051,398.009,210.397,321.427
99.9286,414.799,263.039,335.674
92.7657,457.698,259.033,376.483
44.5067,399.737,211.415,323.03
25.7454,400.442,194.502,324.26
126.44,431.815,288.509,351.16
147.824,438.914,308.888,357.366
95.8752,420.439,259.652,341.146
130.694,441.597,293.033,360.362
134.061,456.693,297.032,374.631
113.322,406.98,274.947,327.835
56.0091,403.297,222.087,326.051
123.033,451.985,286.615,370.393
181.164,427.031,339.588,345.099
173.756,432.771,332.914,350.811
181.49,436.076,340.391,353.781
193.136,457.66,352.463,374.231
193.582,457.862,352.896,374.414
172.802,401.581,330.265,320.84
189.605,457.642,349.182,374.278
182.744,462.856,343.02,379.411
359.578,385.929,512.713,298.928
417.316,371.32,571.205,281.996
451.141,365.55,606.16,274.741
428.691,420.294,584.668,330.886
426.391,418.929,582.248,329.591
418.24,390.437,572.867,301.234
345.786,378.452,498.397,292.016
346.459,376.749,499.007,290.292
616.452,430.589,778.521,336.902
602.51,444.367,767.072,350.643
603.693,452.21,768.442,358.696
606.606,441.339,771.495,347.399
594.352,422.974,759.006,328.53
612.423,413.499,773.804,319.324
613.497,413.151,774.991,318.922
591.351,458.272,755.162,365.251
602.459,429.579,767.705,335.151
592.166,421.728,756.657,327.303
624.729,411.018,792.196,315.066
623.942,408.193,791.375,312.132
622.323,407.451,789.615,311.41
623.84,408.758,791.255,312.728
591.645,449.397,755.367,356.123
633.126,397.55,798.346,301.457
129.534,493.715,295.038,409.732
129.115,494.278,294.682,410.27
123.07,524.799,290.477,439.139
128.621,484.78,293.681,401.316
111.483,519.309,279.847,434.054
140.416,511.956,306.057,426.778
142.249,488.491,306.457,404.599
145.571,490.635,309.673,406.567
169.318,490.027,331.87,405.563
212.763,504.21,373.537,418.361
185.901,505.912,348.277,420.383
200.276,489.882,360.918,404.907
187.611,503.147,349.739,417.73
164.471,509.321,328.369,423.93
175.285,507.909,338.413,422.435
184.945,501.659,347.151,416.358
251.708,490.06,410.321,404.084
262.882,485.711,420.967,399.668
228.611,502,388.607,415.975
273.215,481.844,430.86,395.717
214.979,488.564,374.865,403.369
