294.461,49.51,566.017,28.6781
302.579,99.0335,554.613,78.6477
305.714,39.7108,580.456,23.0361
300.059,83.281,558.294,62.7939
207.995,93.0826,468.555,41.2415
236.53,92.6835,495.112,50.3421
313.931,91.1011,568.37,74.9591
308.974,83.2133,566.729,65.7482
304.284,50.4683,574.937,32.8692
312.235,101.39,562.802,84.187
244.105,102.781,498.34,62.3938
452.026,77.1903,710.132,110.016
372.001,79.423,628.803,83.7698
520.289,75.9944,779.608,133.466
520.691,75.8505,780.08,133.471
534.279,85.9333,789.825,148.41
73.3147,144.771,328.883,45.1363
134.951,185.859,368.435,103.028
39.3043,192.884,282.451,77.8583
77.8407,214.935,307.951,110.494
73.7506,190.251,313.129,86.7343
138.426,209.778,362.885,126.117
43.2249,217.84,277.089,101.676
90.984,213.855,319.757,113.891
43.967,217.88,277.711,101.957
91.6155,213.848,320.31,114.095
139.376,209.804,363.717,126.462
84.8686,214.948,314.052,112.846
49.5907,217.186,282.779,103.182
68.2792,202.664,303.982,96.1998
125.57,137.245,377.673,55.209
66.2311,203.13,302.045,95.9473
55.4092,193.352,296.148,83.5342
148.556,186.305,380.369,108.004
59.1253,154.689,312.985,49.6077
308.244,134.884,546.185,114.635
313.702,168.871,538.297,148.694
220.196,141.019,461.866,90.2123
250.128,177.46,475.805,134.52
258.848,198.62,475.917,157.317
245.779,189.066,467.428,143.836
240.482,159.192,473.732,114.113
178.999,184.122,408.444,116.284
267.961,167.814,495.954,131.685
175.991,153.83,416.84,87.2416
322.123,220.47,526.486,200.286
334.187,215.527,539.636,199.984
465.736,162.923,689.094,198.307
418.151,166.667,640.814,184.396
328.242,179.132,547.995,163.525
397.182,168.569,619.688,178.581
423.668,166.609,646.218,186.358
413.944,214.428,617.867,228.528
342.193,217.783,546.24,204.995
408.129,178.417,626.425,191.994
565.952,214.287,768.889,286.415
533.978,157.969,759.612,219.083
490.604,160.936,714.667,205.642
556.223,156.23,783.051,225.849
546.236,146.59,776.835,212.587
539.448,190.354,751.809,252.786
554.285,200.251,762.81,268.173
54.1157,287.967,261.98,168.339
105.663,305.483,300.111,201.751
64.0824,312.573,261.929,193.757
99.7294,307.382,294.316,201.401
50.694,276.095,263.187,156.545
71.1681,309.995,268.869,193.884
75.3155,264.434,288.336,154.381
103.826,283.36,306.323,181.178
75.6216,261.999,289.454,152.29
69.5074,295.755,272.409,180.556
194.492,319.31,373.102,245.649
273.305,283.33,457.54,241.166
271.602,283.391,455.954,240.602
266.703,284.083,451.206,239.459
250.445,286.968,435.288,236.221
183.329,295.21,371.889,219.712
195.942,294.854,383.255,223.874
186.83,295.629,374.851,221.338
271.117,271.063,460.106,229.02
168.76,264.85,369.904,186.886
290.98,339.473,452.801,299.485
263.807,319.097,435.548,270.661
224.022,348.796,388.714,283.208
290.039,336.885,452.91,296.753
314.749,310.947,485.42,282.021
177.881,306.694,362.894,228.228
330.088,270.264,514.98,249.83
335.803,302.749,507.985,282.249
327.563,254.755,518.518,234.402
385.602,300.668,555.378,299.042
342.39,267.325,527.537,251.611
343.662,266.436,529.061,251.248
328.619,307.786,499.398,284.249
354.558,290.861,529.885,278.144
417.576,288.905,592.162,300.555
469.559,278.682,646.482,310.885
337.239,258.802,525.981,241.734
454.017,281.699,630.145,307.738
454.076,279.659,631.009,305.821
393.708,288.994,567.65,291.171
350.892,298.809,523.486,284.211
454.436,298.491,623.947,323.848
375.204,294.051,548.06,288.89
362.608,294.268,536.104,284.345
600.958,292.18,772.358,376.205
602.718,280.819,778.838,365.882
603.226,281.253,779.178,366.51
564.028,268.471,744.523,338.286
607.1,285.184,781.512,371.911
588.132,294.871,758.137,373.574
588.265,326.191,745.359,403.881
584.931,267.569,766.13,345.799
622.188,300.95,790.386,393.425
586.459,296.689,755.68,374.651
622.275,300.57,790.635,393.091
623.978,284.131,799.282,377.795
614.026,314.218,776.569,402.95
570.489,265.245,752.403,337.747
524.645,268.969,704.763,323.132
42.7799,380.904,220.323,247.115
17.2417,432.755,180.904,283.624
42.2636,379.314,220.429,245.528
65.9821,423.657,224.636,292.938
66.2647,426.301,223.967,295.371
76.6743,373.01,251.649,252.01
114.038,416.799,267.757,304.157
66.8907,425.628,224.724,295.002
66.1336,430.328,222.477,298.874
38.376,428.769,199.789,287.607
24.4703,381.921,204.655,241.632
114.825,424.209,265.849,311.025
72.9131,410.019,235.087,283.35
125.177,402.931,282.078,295.826
110.683,418.246,264.386,304.227
141.112,399.912,296.878,298.909
113.307,366.816,285.122,259.46
107.378,427.375,258.394,311.131
180.858,402.167,330.671,315.474
203.482,397.98,352.069,320.067
225.569,400.321,370.874,330.422
279.101,383.08,425.277,334.882
316.323,376.091,461.895,342.635
241.235,390.936,388.26,327.78
386.208,363.073,531.976,357.577
353.074,370.045,498.22,351.185
352.388,372.62,496.606,353.301
346.452,378.008,489.043,355.984
366.257,367.022,511.695,353.488
348.922,466.816,457.846,438.454
621.516,364.795,763.239,454.962
622.222,378.85,758.123,468.789
623.743,378.45,759.836,469.049
583.982,399.289,710.604,472.05
581.644,398.219,708.685,470.04
592.872,405.824,716.809,482.031
647.118,378.103,783.873,478.68
657.506,378.056,794.575,483.089
651.856,370.767,791.811,473.618
651.128,367.439,792.451,470.087
664.136,383.698,799.05,491.402
25.7623,545.619,149.925,384.81
28.9624,546.988,152.028,387.154
32.6219,550.35,153.787,391.377
28.0102,535.288,155.34,376.734
76.3719,523.73,199.178,384.513
156.299,504.09,273.494,397.19
195.753,496.704,310.086,405.619
179.753,497.641,295.953,400.37
175.679,496.389,292.872,397.711
186.338,515.817,294.852,418.906
172.423,509.81,285.219,408.337
209.362,493.007,323.283,407.541
239.995,483.918,353.512,411.217
