156.115,41.9051,348.026,6.51215
92.7954,76.2037,283.889,34.172
103.178,74.1083,293.857,33.1107
147.004,65.606,336.26,28.9263
147.176,63.1027,336.75,26.4897
69.2211,58.7148,264.196,15.0383
86.658,106.31,274.342,62.7706
85.4975,106.648,273.221,62.9839
154.112,67.8322,342.724,31.7778
282.338,86.0787,462.892,62.6697
284.14,86.162,464.666,62.9357
286.681,115.1,463.225,92.115
272.779,49.2349,458.434,24.8835
271.769,33.6873,459.589,9.21918
296.279,94.2794,475.602,72.3002
296.413,93.0239,475.908,71.0567
315.561,86.6313,495.895,66.6107
169.065,93.5463,353.601,58.4474
263.388,42.1889,450.098,16.951
269.898,89.6453,450.064,64.977
282.761,78.4865,464.319,55.1248
221.205,58.0789,408.527,28.5163
285.318,60.0993,469.374,36.9695
303.734,107.316,481.228,86.1341
459.089,56.1266,647.478,50.2762
393.89,67.7589,578.013,55.5294
359.747,73.1394,542.349,57.5139
388.141,29.8612,577.501,16.3188
389.401,29.8777,578.795,16.4562
462.905,87.8027,646.825,83.2954
401.425,100.298,581.098,89.4577
353.445,93.965,533.02,77.9323
427.592,97.6182,608.485,89.5546
418.578,24.9586,609.669,14.2171
428.087,89.413,610.224,81.2103
353.135,35.6447,540.893,18.8563
365.596,104.266,543.898,89.6368
337.876,80.759,519.135,62.9838
476.347,52.9895,666.136,48.8059
383.408,67.5125,567.244,54.2179
407.911,58.1051,593.822,47.1073
387.897,87.6194,568.975,75.1288
449.148,57.4444,636.806,50.6235
411.806,81.0967,594.562,70.9873
450.63,58.7539,638.167,52.1226
420.179,55.8521,606.851,46.0417
406.476,106.667,585.384,96.4888
390.847,113.127,568.359,101.359
475.215,94.0728,658.856,91.0884
332.577,100.255,511.075,82.0824
321.897,116.172,498.144,96.9484
395.94,59.6532,581.254,47.4796
536.042,43.6743,731.307,45.2561
535.06,44.1957,730.168,45.6996
527.999,87.6897,715.973,90.2732
542.804,94.5406,730.866,99.0486
515.796,98.0771,701.336,99.7084
524.578,56.334,717.041,57.2711
539.567,73.5734,730.562,76.8349
510.748,50.6557,703.071,49.9243
485.484,103.175,668.352,101.606
513.657,79.4097,701.857,80.104
504.023,54.943,695.242,53.6826
507.069,47.8723,699.557,46.6523
543.368,107.993,729.401,113.129
562.677,67.6083,756.415,73.1141
502.534,56.5652,693.41,55.2119
565.214,100.837,754.078,108.165
561.365,55.2752,756.888,60.051
492.298,74.8366,679.787,73.0689
592.174,35.3485,793.721,42.3151
532.833,36.712,728.874,37.6606
549.845,43.6082,746.203,46.6183
122.236,228.217,290.034,184.832
94.1413,232.579,263.362,185.741
126.808,161.808,304.753,120.698
80.6151,224.879,251.831,176.769
98.1737,222.001,268.428,176.031
127.848,177.021,303.773,135.571
304.054,184.332,470.966,163.118
303.795,184.606,470.671,163.36
299.531,235.523,459.448,213.487
302.728,233.689,462.858,212.067
293.013,149.746,464.729,127.38
305.66,233.671,465.764,212.416
296.422,202.241,460.914,180.046
298.089,143.988,470.548,122.2
296.959,218.806,459.186,196.571
290.535,176.27,458.639,153.521
408.205,165.352,578.748,156.332
471.918,155.297,646.36,153.656
426.378,177.583,595.707,170.932
411.418,194.046,577.941,185.809
375.944,171.798,544.876,159.031
467.897,181.15,638.307,179.66
421.244,208.952,585.905,202.139
420.601,205.391,585.754,198.448
355.659,177.905,523.479,162.778
420.41,206.592,585.385,199.642
468.936,189.407,638.184,188.236
468.691,191.816,637.575,190.669
460.918,208.031,627.088,206.247
403.218,131.465,578.447,121.356
414.691,187.32,582.267,179.394
438.805,182.325,607.879,177.271
411.584,192.307,578.361,184.067
394.916,223.871,556.77,213.891
400.792,200.146,566.139,190.677
381.01,201.161,545.876,189.248
359.476,206.409,523.34,191.872
468.617,219.79,632.99,219.325
365.59,180.648,533.13,166.719
369.969,136.796,543.718,123.011
434.695,126.207,611.719,119.556
421.258,142.776,595.407,134.919
368.668,136.013,542.507,122.073
412.974,171.198,582.812,162.831
404.418,217.875,567.324,209.048
604.837,170.183,786.662,185.491
610.995,131.932,799.425,146.119
534.846,157.409,712.787,163.438
594.974,162.021,776.674,175.795
544.586,144.262,725.235,150.982
544.993,144.329,725.663,151.101
570.043,161.38,750.047,171.921
523.042,168.16,698.085,173.204
587.418,172.913,767.146,186.139
593.25,188.655,770.71,203.402
522.599,167.994,697.637,172.978
594.747,157.536,777.521,170.991
558.82,177.773,735.44,187.557
612.263,154.568,797.291,170.049
558.559,147.45,739.776,155.997
555.101,176.229,731.663,185.483
612.489,154.865,797.494,170.389
520.492,149.5,698.627,153.509
556.551,165.514,734.856,174.536
584.872,201.693,759.921,215.823
559.628,152.47,740.167,161.351
612.227,177.818,793.631,194.427
568.022,195.213,742.699,206.862
601.817,145.211,787.227,158.947
567.29,207.374,740.052,219.395
522.354,211.513,691.294,217.755
542.185,188.141,715.56,196.277
52.9747,281.528,219.463,227.661
10.8658,245.055,185.757,187.96
136.192,267.761,298.052,224.711
64.4851,291.108,228.788,238.216
265.967,274.162,421.081,247.442
295.522,241.234,454.685,218.654
318.511,348.321,462.794,327.738
260.957,267.927,417.168,240.627
207.822,245.771,369.116,212.124
212.133,282.744,368.139,248.836
444.468,304.455,596.087,301.929
359.952,325.78,507.162,311.291
434.15,313.555,584.161,309.64
358.851,325.666,506.075,311.021
414.43,309.935,564.46,303.183
455.905,309.799,607.131,308.974
431.776,301.987,583.379,297.633
413.108,307.544,563.45,300.591
348.005,309.58,497.454,293.485
347.927,309.59,497.374,293.484
417.353,297.313,569.241,290.895
416.426,334.883,562.954,328.54
393.473,317.861,542.047,308.15
394.088,302.143,544.886,292.484
421.376,310.981,571.409,305.224
471.455,328.461,620.528,330.15
421.026,293.321,573.568,287.388
386.534,308.581,536.327,297.875
349.13,312.561,498.165,296.608
385.865,299.812,536.882,289
446.045,317.624,595.819,315.462
332.534,344.791,477.168,326.26
351.803,313.123,500.76,297.541
424.688,333.709,571.56,328.569
388.133,317.328,536.715,306.857
354.285,302.982,504.649,287.786
395.277,313.133,544.542,303.669
389.472,307.723,539.421,297.429
324.732,342.922,469.703,323.288
384.542,292.828,535.964,281.946
602.511,278.695,767.303,298.357
608.993,299.341,771.215,320.751
601.631,300.887,762.935,321.26
611.469,294.278,774.715,315.856
557.687,314.634,713.536,328.856
592.633,268.43,758.141,286.268
590.931,268.132,756.339,285.714
572.603,288.267,733.503,303.892
618.449,318.494,778.531,342.087
581.12,312.643,738.902,330.352
568.927,301.249,727.579,316.752
568.775,322.507,724.173,338.646
492.424,324.093,643.066,328.81
580.737,315.842,738.003,333.598
568.03,348.953,719.189,365.792
566.263,310.673,723.266,326.077
568.768,272.634,731.746,287.185
566.194,310.11,723.277,325.486
624.945,302.803,788.162,326.737
615.065,301.284,777.534,323.682
587.993,267.357,753.271,284.489
572.152,299.991,731.238,315.931
568.99,275.729,731.516,290.415
570.196,295.564,729.802,311.075
577.807,262.297,742.55,277.903
618.797,297.305,782.236,320.103
626.544,301.512,790.116,325.634
146.306,385.518,292.497,339.43
26.7662,456.735,177.366,389.123
154.426,393.017,299.132,347.784
53.0208,466.022,199.876,401.705
51.6784,376.976,206.537,318.151
98.9608,368.951,250.713,316.983
111.471,437.381,256.849,383.215
55.9545,378.322,210.246,320.01
291.355,372.06,432.864,347.197
301.704,372.233,442.974,348.881
188.77,386.919,332.208,346.83
183.808,395.608,326.397,354.503
295.406,364.999,437.779,340.847
187.323,389.227,330.538,348.852
308.151,375.04,448.87,352.604
262.701,388.009,406.306,357.795
237.004,384.125,378.651,351.061
216.247,408.671,358.861,371.063
257.039,390.498,400.486,359.395
262.625,441.148,399.067,409.58
192.487,374.287,337.35,335.152
189.569,377.759,334.142,338.094
198.735,438.134,338.324,396.915
454.993,378.171,596.042,377.954
425.145,465.947,556.752,460.049
421.735,462.274,553.811,455.824
447.576,454.035,576.879,453.139
333.427,386.118,472.203,367.312
444.025,368.881,586.149,366.896
439.345,459.11,567.709,456.852
407.628,372.538,548.485,365.014
431.527,430.369,564.09,426.749
429.736,450.546,559.223,446.672
474.353,380.44,615.678,383.271
447.985,470.012,574.873,469.239
453.653,391.111,592.687,390.805
331.988,367.303,473.479,348.472
385.01,402.79,525.127,390.754
442.617,411.131,578.322,409.218
405.612,379.443,545.427,371.621
502.286,371.638,645.859,378.779
502.464,391.496,643.155,398.956
493.483,379.637,635.674,385.464
538.66,402.934,679.433,416.465
502.156,362.056,647.426,368.946
506.422,383.921,648.39,391.904
583.645,471.83,716.299,494.658
529.596,428.876,665.802,441.431
622.276,433.227,764.098,461.714
499.266,384.661,640.83,391.51
530.646,450.875,663.458,464.006
520.317,423.44,656.907,434.347
549.034,400.155,690.848,415.324
518.048,423.049,654.589,433.572
512.692,381.976,655.248,390.924
511.624,381.512,654.194,390.283
498.826,450.986,630.181,458.695
515.835,368.172,660.592,377.374
489.509,454.793,619.921,460.965
484.071,402.05,622.419,406.703
514.497,370.907,658.778,379.949
64.7144,546.994,200.415,479.602
103.463,571.623,232.551,509.055
111.266,484.116,250.735,427.577
32.5884,553.884,170.678,480.924
37.8106,533.883,177.807,463.062
249.146,492.123,379.252,456.923
248.133,503.123,376.813,467.401
166.12,545.433,293.711,494.58
450.316,540.945,566.513,540.643
376.29,506.115,501.825,491.642
443.587,566.772,561.059,563.528
448.738,560.041,562.024,559.415
459.575,556.867,573.541,558.242
454.154,516.839,574.073,517.228
457.077,558.06,570.813,558.974
462.813,510.076,583.953,511.987
468.794,530.092,587.035,533.125
456.969,558.559,570.627,559.452
431.964,503.846,558.256,498.935
477.802,580.876,588.536,585.654
376.71,537.68,497.825,522.808
378.659,539.047,499.578,524.494
575.454,558.75,693.769,581.92
563.711,551.158,682.541,571.958
624.877,564.673,745.646,597.552
526.168,575.312,639.376,589.263
565.559,551.488,684.442,572.645
607.975,508.016,736.575,536.194
532.004,500.155,657.175,514.313
584.414,563.014,702.605,587.987
547.601,499.521,673.668,516.474
525.255,505.223,649.318,518.238
536.257,543.004,654.942,558.519
568.073,538.204,689.198,559.605
506.941,553.429,622.779,563.574
536.302,575.106,649.984,590.997
519.711,518.979,641.389,531.159
524.403,508.566,647.907,521.471
554.731,549.012,673.405,568.078
515.469,485.781,642.12,496.803
485.172,538.116,602.638,544.152
645.132,531.345,772.964,567.202
643.381,501.367,775.943,535.931
