119.382,71.8414,101.73,258.831
43.3829,62.2967,26.6907,259.84
45.8275,63.7722,29.1893,260.924
78.3648,67.1563,61.2618,259.821
132.353,66.7141,113.957,252.209
37.9427,43.886,20.0447,242.957
145.009,66.6389,126.298,250.453
99.9034,62.0203,81.8921,252.05
51.6623,75.8408,35.7913,271.701
108.419,63.2697,90.3069,252.109
53.3753,70.8618,37.0984,266.7
91.6392,61.0755,73.7483,252.249
77.0793,105.134,62.9872,296.507
102.78,106.209,88.3423,294.086
78.4526,105.735,64.3855,296.904
45.2413,43.4474,27.1303,241.572
83.1551,49.7795,64.5711,242.559
49.5736,65.4368,32.9758,262.016
85.3398,49.7194,66.6958,242.212
126.258,81.1464,109.246,266.817
300.837,95.1242,281.289,260.291
276.076,92.0067,256.805,260.58
259.965,31.7396,234.724,205.636
253.625,90.4178,234.739,262.018
255.687,91.7007,236.887,262.979
285.312,29.0043,258.912,199.783
430.454,113.891,409.859,261.116
428.133,112.353,407.394,259.952
331.624,108.151,312.818,268.687
414.552,42.1468,385.078,195.329
363.221,94.0651,341.902,251.057
628.723,96.8676,599.442,215.091
624.999,94.7996,595.512,213.629
617.006,105.107,589.504,228.215
635.797,28.0334,595.169,153.686
563.614,112.748,539.036,242.475
635.874,71.6645,602.235,190.427
739.832,38.2079,696.081,146.016
707.433,36.7223,664.93,148.838
680.607,71.462,645.168,184.543
695.782,59.0244,657.605,171.044
677.994,54.8503,639.867,169.379
677.694,53.8692,639.415,168.505
678.995,57.0747,641.199,171.32
784.146,89.122,747.645,187.512
652.775,114.556,625.595,228.68
673.066,70.8258,637.823,184.931
706,62.021,667.903,172.503
668.7,77.0121,634.666,191.238
662.362,108.338,633.818,221.579
685.031,31.5384,642.684,146.851
672.177,82.1864,638.877,195.636
671.91,81.6372,638.528,195.155
779.156,61.3491,737.756,162.351
721.762,55.5001,681.856,164.382
654.959,84.1447,622.639,199.635
700.914,83.8027,666.779,193.475
754.463,11.428,705.276,119.44
672.918,86.1605,640.26,199.272
781.196,98.7748,746.601,196.958
676.002,66.6413,639.937,180.633
768.324,103.978,735.186,203.582
729.726,17.6563,682.875,128.395
769.842,103.823,736.618,203.236
685.842,66.5614,649.362,179.37
657.42,94.1539,626.674,208.727
43.0467,188.322,35.7104,382.71
149.441,163.741,139.407,343.837
126.323,160.632,116.23,343.938
10.9766,145.963,0.993652,348.679
48.3172,152.213,38.2221,346.309
44.762,232.536,40.8076,426.8
85.7188,154.578,75.4865,343.533
48.2377,136.12,36.9248,330.485
84.9404,150.528,74.3852,339.664
140.311,152.797,129.372,334.277
34.9389,135.065,23.6888,331.257
46.2771,132.727,34.7311,327.435
50.7419,181.501,42.8605,374.848
45.4345,132.461,33.8781,327.289
58.5949,182.516,50.7628,374.773
126.562,216.144,121.403,398.893
117.863,149.019,106.837,333.633
113.356,149.936,102.458,335.146
11.5873,197.659,5.23138,399.771
102.833,198.834,96.196,384.916
47.1026,233.491,43.2331,427.436
164.901,126.888,151.256,305.705
170.996,167.3,161.086,344.391
455.865,212.958,448.407,353.927
476.021,127.248,456.064,267.881
404.716,193.001,395.171,341.194
359.283,185.822,349.418,340.307
463.668,124.706,443.675,267.079
549.272,200.136,538.548,328.701
610.773,212.184,600.934,332.185
607.597,216.178,598.473,336.552
612.737,182.901,598.023,303.377
632.703,222.441,624.188,335.612
621.344,138.152,599.072,259.101
616.612,189.703,602.898,305.775
488.45,128.988,468.417,267.895
494.654,178.572,481.65,314.994
551.785,221.951,544.434,349.784
531.907,237.514,527.226,367.841
630.088,233.222,623.444,346.587
633.834,213.599,623.8,326.777
611.891,158.003,593.118,279.412
714.797,171.292,695.613,274.905
746.255,175.546,727.012,274.782
684.072,146.836,661.421,255.519
661.3,212.39,650.57,321.999
666.784,145.11,644.335,256.079
749.088,206.852,735.591,304.735
668.634,194.77,654.697,303.868
768.155,158.68,745.161,255.538
664.023,142.121,641.144,253.586
662.962,142.649,640.204,254.233
752,179,733.244,277.342
669.029,180.15,652.547,289.622
748.034,225.252,738.006,322.788
663.766,153.846,642.894,264.863
670.695,181.302,654.374,290.513
655.696,200.411,643.002,311.022
654.964,201.909,642.542,312.583
740.078,217.149,728.691,315.942
754.577,191.467,738.078,289.05
782.812,151.547,758.029,246.743
649.879,157.862,630.063,270.585
660.424,167.226,641.928,278.192
664.454,123.674,638.429,235.859
143.38,308.666,146.896,490.517
44.3097,283.462,44.307,478.67
44.4516,274.189,43.7258,469.152
74.4683,281.452,74.6759,472.341
217.017,312.752,221.903,484.257
286.734,325.517,293.903,487.488
207.006,320.348,212.575,493.506
222.058,277.689,223.226,447.685
377.956,348.157,389.121,497.86
409.337,315.988,416.381,460.33
329.351,289.843,332.51,444.954
434.188,320.966,442.089,461.908
384.55,310.902,390.743,458.634
335.86,300.786,340.43,455.18
424.01,308.721,430.115,450.843
446.832,313.221,453.685,452.213
373.849,298.775,378.363,447.779
372.771,296.321,376.955,445.434
631.388,351.883,645.316,465.858
622.002,279.91,623.409,394.12
657.347,249.481,653.148,359.124
740.758,263.065,737.97,361.118
651.092,278.024,651.965,388.399
644.249,312.977,651.316,424.455
714.367,263.004,711.9,364.69
734.619,295.259,737.995,394.069
674.269,303.94,679.623,411.193
682.647,255.978,679.287,362.085
710.264,292.347,713.278,394.532
765.807,319.648,773.698,414.256
707.064,309.887,713.364,412.612
689.984,261.044,687.45,366.103
767.092,268.671,765.035,362.959
719.734,259.311,716.516,360.288
764.27,287.178,765.832,381.775
726.182,326.565,735.559,426.735
692.752,265.521,690.998,370.171
679.977,284.505,681.782,390.879
727.109,326.452,736.462,426.491
668.136,266.208,666.767,374.251
778.597,257.616,774.234,350.461
752.911,341.192,765.066,437.792
776.318,312.54,782.749,405.626
765.33,268.601,763.282,363.132
38.9251,376.771,46.1821,576.601
40.1593,385.904,48.1838,586.1
37.8619,383.495,45.6253,583.891
120.384,377.075,129.901,565.08
119.54,407.01,131.847,596.938
45.2203,375.148,52.5266,573.968
25.2996,394.401,33.5314,597.3
26.5844,395.005,34.9048,597.755
25.5515,392.372,33.6331,595.103
298.192,412.269,316.171,576.422
182.767,382.281,194.385,561.515
304.404,423.117,323.912,587.034
259.967,369.139,271.86,536.548
267.121,383.232,280.821,550.292
264.986,413.233,282.201,582.292
267.459,413.924,284.824,582.664
192.815,395.127,206.045,573.623
193.754,363.844,203.691,540.557
465.733,428.15,490.007,568.838
455.608,365.049,470.153,504.256
462.666,429.987,487.151,571.219
463.156,429.486,487.576,570.617
452.326,364.456,466.741,504.111
381.393,433.297,404.338,586.598
337.547,422.096,357.813,581.103
427.418,410.171,448.15,555.411
340.389,389.067,356.38,545.821
422.273,443.304,447.748,591.268
382.634,399.232,400.868,550.388
433.761,420.955,456.221,565.878
432.99,422.734,455.695,567.864
349.374,400.855,367.113,556.923
339.755,421.777,360.037,580.442
424.992,406.534,445.142,551.933
617.337,395.733,638.908,513.158
622.517,382.798,641.854,498.983
569.812,419.774,594.846,544.958
611.778,400.263,634.079,518.609
625.128,396.481,646.927,512.819
602.518,391.921,623.237,511.209
582.293,389.453,602.338,511.695
599.779,387.206,619.644,506.702
627.854,363.479,643.814,478.272
592.38,472.97,627.172,598.14
582.655,403.986,605.195,526.584
580.799,403.502,603.228,526.345
581.92,395.216,602.945,517.601
635.378,378.758,654.117,493.055
633.149,393.594,654.526,508.755
756.404,370.374,774.312,467.208
749.712,400.726,773.609,499.475
720.899,364.021,737.439,465.72
753.725,415.15,780.545,513.893
754.212,394.615,776.927,492.502
757.337,393.851,779.923,491.266
719.769,422.821,747.699,526.692
760.278,379.852,780.087,476.401
716.258,416.765,742.961,520.961
716.656,415.608,743.139,519.605
691.713,391.563,713.316,498.268
733.75,399.215,757.208,500.097
716.607,431.85,746.26,536.606
757.005,377.157,776.261,474.093
713.839,395.849,736.462,499.548
741.908,397.334,765.066,496.981
690.65,397.951,713.452,505.047
661.901,385.236,682.054,495.973
713.903,395.643,736.487,499.325
776.171,366.405,793.344,460.279
719.664,430.039,749.01,533.679
735.527,408.889,760.907,509.892
775.234,369.128,792.952,463.202
644.35,476.279,681.061,593.04
743.191,425.19,771.896,525.828
