119.382,71.8414,271.063,100.644
43.3829,62.2967,201.031,98.855
45.8275,63.7722,203.326,100.02
78.3648,67.1563,233.072,100.117
132.353,66.7141,282.777,94.4524
37.9427,43.886,194.979,81.9429
113.583,62.684,265.136,92.4207
108.419,63.2697,260.407,93.4877
53.3753,70.8618,210.578,106.03
91.6392,61.0755,244.845,93.0269
49.0359,70.5605,206.633,106.155
101.671,108.194,256.949,137.173
77.0793,105.134,234.208,136.467
102.78,106.209,257.848,135.17
78.4526,105.735,235.499,136.916
45.2413,43.4474,201.531,80.8073
138.282,66.4693,288.278,93.635
83.1551,49.7795,236.345,83.0771
45.7478,42.0452,201.904,79.4281
112.165,60.0213,263.663,90.0066
49.5736,65.4368,206.811,101.241
85.3398,49.7194,238.338,82.8033
126.258,81.1464,278.01,108.924
218.129,74.1977,364.151,93.2292
290.934,86.6526,437.849,98.1401
345.752,91.5587,492.533,97.4989
331.624,108.151,479.527,115.441
363.221,94.0651,510.252,98.2355
617.006,105.107,778.595,82.8992
504.916,111.24,657.839,101.144
563.682,101.555,720.072,84.9613
563.614,112.748,720.809,96.5773
635.874,71.6645,794.469,45.7464
43.0467,188.322,208.281,218.548
149.441,163.741,304.767,186.515
126.323,160.632,282.995,185.428
38.0907,135.578,200.612,168.839
148.322,161.424,303.574,184.367
47.0242,145.046,209.298,177.083
45.2133,144.869,207.649,177.065
44.762,232.536,212.524,260.5
68.0541,148.521,228.61,178.646
48.2377,136.12,209.815,168.498
140.311,152.797,295.497,176.703
34.9389,135.065,197.736,168.618
46.2771,132.727,207.836,165.44
50.7419,181.501,214.823,211.467
45.4345,132.461,207.058,165.258
58.5949,182.516,222.017,211.827
126.562,216.144,286.625,238.94
117.863,149.019,274.377,174.956
113.356,149.936,270.26,176.218
102.833,198.834,263.565,224.049
296.042,178.103,448.853,188.193
232.937,134.892,384.519,151.118
251.935,176.941,405.604,190.757
234.337,182.39,388.909,197.57
302.48,137.681,452.558,147.545
268.108,174.273,421.186,186.768
272.259,169.276,424.919,181.483
272.269,169.147,424.92,181.355
264.081,172.696,417.153,185.553
269.328,170.646,422.142,183.086
284.749,148.135,435.783,159.503
455.865,212.958,613.391,209.824
455.712,213.369,613.26,210.256
460.412,125.034,612.013,119.759
423.478,205.026,579.226,204.459
476.021,127.248,628.499,120.467
448.984,199.103,605.253,196.278
404.716,193.001,559.093,193.869
331.574,194.282,485.19,201.309
436.154,207.948,592.538,206.366
357.448,184.216,510.478,189.063
359.283,185.822,512.436,190.516
404.291,194.873,558.785,195.797
473.414,206.69,631.331,201.942
421.789,215.919,578.232,215.649
448.844,123.482,599.86,119.327
448.248,197.24,604.358,194.443
392.924,193.824,547.104,195.703
506.523,123.471,660.409,113.539
621.344,138.152,785.835,117.072
616.612,189.703,782.005,171.743
538.259,189.239,698.98,178.306
488.45,128.988,641.685,121.01
494.654,178.572,651.738,171.256
535.243,175.198,694.738,164.058
551.785,221.951,715.922,211.032
531.907,237.514,695.616,228.813
494.22,199.762,652.777,193.052
613.238,152.75,777.963,133.196
121.928,304.37,287.826,324.449
136.912,259.167,299,279.785
66.5357,289.295,235.781,313.278
74.4683,281.452,242.564,305.279
217.017,312.752,378.393,326.939
304.345,284.942,461.86,293.902
286.734,325.517,447.138,335.399
216.779,310.786,378.037,325.022
222.058,277.689,380.989,292.18
274.428,278.945,431.97,289.939
377.956,348.157,540.077,352.789
409.337,315.988,569.991,318.298
331.665,290.176,489.416,297.314
434.188,320.966,596.023,321.791
384.55,310.902,544.248,314.724
335.86,300.786,494.33,307.668
424.01,308.721,584.624,309.964
405.504,353.925,568.67,357.067
464.24,316.744,627.094,315.55
484.727,280.073,648.428,276.311
622.002,279.91,794.727,266.203
38.9251,376.771,215.898,398.396
123.389,431.135,297.045,447.114
40.1593,385.904,217.571,407.064
31.0556,407.773,212.972,428.09
30.0752,404.974,209.577,425.71
37.8619,383.495,215.347,404.865
30.3503,408.055,212.347,428.388
120.384,377.075,290.869,394.86
39.5874,450.777,223.329,468.839
37.5993,450.567,221.499,468.708
154.314,416.167,325.164,431.315
119.54,407.01,291.945,423.886
45.2203,375.148,221.52,396.552
25.2996,394.401,204.616,415.829
26.5844,395.005,205.814,416.35
85.1518,458.103,265.752,474.279
34.6889,450.406,218.831,468.657
25.5515,392.372,204.721,413.884
230.435,460.722,400.885,472.111
254.631,467.641,424.914,478.122
301.249,380.228,465.08,389.126
296.155,444.241,464.285,453.292
298.192,412.269,464.179,421.267
300.792,413.417,466.836,422.298
297.526,444.959,465.693,453.957
182.767,382.281,350.006,396.952
302.32,455.049,471.131,463.865
308.908,391.131,473.422,399.643
219.247,424.087,387.681,436.38
263.593,444.909,432.204,455.218
259.967,369.139,423.679,380.188
304.445,455.676,473.287,464.414
267.459,413.924,433.961,424.272
192.815,395.127,360.418,409.063
257.425,434.235,425.458,444.86
292.383,387.229,456.763,396.549
287.567,451.124,456.235,460.495
191.603,425.949,361.23,439.344
224.721,362.266,388.972,375.215
215.182,457.549,385.918,469.52
189.199,423.857,358.804,437.389
193.754,363.844,359.316,378.357
465.733,428.15,636.509,429.922
461.569,462.083,634.532,465.015
458.726,463.451,631.632,466.531
458.181,463.857,631.088,466.97
462.666,429.987,633.405,431.948
463.156,429.486,633.885,431.411
452.326,364.456,617.975,365.181
469.246,453.506,642.001,455.885
334.588,454.303,503.353,461.908
381.393,433.297,549.376,438.823
420.754,477.091,592.937,481.895
424.679,444.083,594.705,448.009
427.418,410.171,595.18,413.238
340.389,389.067,504.783,396.038
376.105,465.286,546.171,471.464
422.273,443.304,592.154,447.311
382.634,399.232,548.305,404.24
378.68,466.118,548.858,472.215
433.761,420.955,602.531,423.97
418.54,476.301,590.586,481.165
428.031,454.082,598.89,458.098
384.644,400.133,550.42,405.056
432.99,422.734,601.849,425.825
428.366,456.12,599.377,460.17
430.602,454.833,601.616,458.766
349.374,400.855,514.641,407.467
339.755,421.777,506.355,428.969
424.992,406.534,592.408,409.638
617.337,395.733,798.314,388.727
602.518,391.921,781.532,385.503
582.293,389.453,759.176,383.981
599.779,387.206,778.155,380.685
592.38,472.97,776.387,471.383
582.655,403.986,760.514,399.236
580.799,403.502,758.441,398.822
132.848,512.587,313.767,525.583
99.3602,513.183,282.349,527.037
89.14,538.625,274.374,551.884
117.864,495.222,298.578,509.128
63.7445,560.958,252.172,573.936
39.4469,521.593,227.445,536.635
261.696,543.313,440.159,552.676
192.336,529.556,371.599,540.678
261.812,543.188,440.265,552.549
181.59,481.986,358.252,494.283
190.125,498.076,367.473,509.807
271.886,565.903,451.717,574.976
457.125,495.305,632.21,499.366
453.607,496.965,628.625,501.187
465.1,486.873,640,490.422
469.898,517.227,647.223,521.584
424.304,487.074,597.324,491.984
386.776,517.971,564.645,524.063
432.296,553.92,614.432,559.631
426.694,487.81,599.859,492.659
424.354,489.117,597.515,494.073
421.307,555.668,603.057,561.658
322.729,578.884,503.438,587.09
444.106,520.584,620.33,525.752
443.225,520.556,619.405,525.747
558.959,524.79,743.536,526.972
593.716,513.445,780.917,514.028
587.316,524.119,774.605,525.482
597.902,518.599,785.931,519.347
568.877,528.229,754.638,530.314
601.526,510.226,789.353,510.386
603.102,498.099,790.191,497.518
504.31,523.575,688.713,526.542
