77.9197,66.7721,207.113,103.868
56.0355,60.2426,186.254,102.344
93.7687,77.4207,223.402,110.588
126.19,87.2183,254.774,113.027
79.1031,74.7034,209.635,111.115
102.95,51.7788,227.02,84.304
148.428,48.83,268.13,71.5707
49.9131,79.8807,184.368,122.113
201.793,99.0272,324.443,108.888
203.584,99.8424,326.271,109.291
283.79,93.3453,401.112,85.5113
270.398,101.329,389.78,96.2665
202.198,80.6882,321.327,91.1096
200.477,80.4058,319.666,91.2108
195.959,89.6661,317.213,101.115
283.652,57.3399,394.086,50.2942
190.622,93.2613,312.886,105.734
231.781,40.9235,341.656,46.0397
310.603,83.6277,425.108,70.0029
199.39,81.6841,318.892,92.6805
207.664,101.381,330.38,109.903
268.051,47.4908,377.319,44.2
203.509,80.4429,322.506,90.5878
306.823,93.8431,423.443,80.8828
263.149,107.969,384.107,104.329
435.222,96.8903,553.953,53.9713
409.44,96.2755,527.768,59.34
422.921,85.8075,539.345,45.7155
402.068,58.4402,513.071,23.2226
386.614,84.6239,502.65,52.982
401.821,58.6835,512.869,23.5248
440.196,114.321,562.378,70.349
351.027,53.2103,458.804,30.6854
459.095,105.199,579.906,56.7722
328.215,110.435,447.431,92.4653
416.471,113.413,538.16,74.8816
595.314,99.807,721.898,18.5674
532.564,97.3364,654.649,31.3308
502.77,116.467,627.219,57.9492
504.989,115.222,629.287,56.1597
543.074,117.247,669.64,49.1974
523.341,88.6215,643.256,24.6512
524.322,88.203,644.202,23.986
554.784,118.275,682.239,47.4537
654.388,100.616,786.331,4.69366
73.1426,165.525,220.904,198.097
86.8735,163.459,232.951,193.443
124.84,154.509,265.956,177.382
84.5303,148.79,228.136,180.038
100.626,146.905,242.41,175.03
104.864,145.148,245.949,172.511
71.932,150.456,217.051,184.12
209.032,220.117,353.958,224.28
303.998,183.315,437.757,169.38
297.688,138.489,423.105,126.725
284.311,182.939,418.638,173.08
204.518,189.275,343.9,195.418
294.789,175.642,427.322,163.781
205.675,166.446,340.696,173.159
206.573,179.944,344.121,185.991
310.102,175.857,442.217,160.798
208.095,167.71,343.204,173.887
207.956,165.166,342.595,171.459
271.421,138.922,397.891,132.759
310.386,137.814,435.288,123.33
269.936,174.044,403.078,167.369
238.32,170.04,372.164,169.975
175.547,174.358,316.611,186.136
457.482,196.425,595.966,149.165
457.296,197.699,596.023,150.489
326.784,185.089,460.305,166.385
430.847,199.818,569.408,158.32
470.845,188.233,608.126,137.98
342.515,186.166,475.949,164.157
335.039,178.796,467.141,158.463
432.534,154.488,562.352,112.456
435.372,160.459,566.403,117.82
445.562,188.009,582.126,143.278
344.712,174.998,475.921,152.669
415.296,192.036,552.136,153.857
386.656,194.571,523.809,162.493
610.784,214.362,761.337,133.563
611.407,209.777,761.104,128.669
606.116,207.808,754.974,127.829
555.147,210.447,700.753,141.993
553.791,202.344,697.733,133.977
504.64,206.566,646.771,149.157
538.983,213.182,684.148,148.369
586.042,217.079,735.119,141.934
544.608,195.799,686.701,129.323
575.899,216.151,724.044,143.239
634.834,220.966,788.871,134.984
121.513,254.143,281.266,272.777
138.718,354.829,315.723,365.481
132.362,356.211,310.086,367.875
42.9925,291.924,215.653,322.918
14.6312,258.518,185.465,296.306
164.038,355.92,339.518,362.2
184.898,306.864,349.998,311.535
211.933,268.005,365.7,269.935
175.207,340.132,345.708,345.588
177.287,258.048,333.783,266.096
215.58,300.305,375.206,300.438
303.396,313.174,461.883,296.86
286.564,324.049,447.596,310.59
368.196,281.714,519.693,253.546
432.969,346.964,597.572,306.215
446.695,335.163,609.326,291.775
378.149,326.785,538.284,296.364
539.746,352.523,709.761,291.481
585.105,310.022,749.856,238.812
492.353,306.158,650.856,253.606
491.454,347.212,657.942,295.382
623.064,325.637,794.144,247.179
528.203,304.081,688.026,244.304
122.07,376.019,304.218,388.418
116.92,418.791,307.329,429.819
147.724,397.3,331.934,404.429
123.655,410.639,312.051,421.014
88.757,419.762,281.641,435.182
50.5471,388.183,241.181,411.538
65.6876,383.05,253.933,404.285
77.3078,377.056,263.388,396.758
123.934,409.979,312.188,420.343
176.537,405.66,360.462,407.694
176.287,405.632,360.221,407.708
179.252,394.857,361.015,396.899
214.474,368.922,386.999,366.847
219.046,369.872,391.507,366.986
217.939,367.645,390.04,365.025
220.912,368.232,392.968,365.085
210.188,428.739,396.608,424.367
209.811,382.401,385.115,380.628
291.237,395.092,465.563,379.188
209.575,428.75,396.027,424.477
220.907,397.996,398.552,393.815
292.148,424.07,471.945,407.343
219.521,469.017,413.019,461.684
208.838,426.197,392.407,422.965
226.662,399.232,404.252,394.055
216.943,379.841,391.386,376.96
215.03,379.303,389.473,376.764
275.736,441.333,459.28,426.86
185.397,420.954,371.65,420.904
219.974,395.681,397.233,391.736
351.023,398.122,524.881,371.897
464.223,453.209,650.265,407.363
464.184,421.18,643.998,375.119
472.014,432.046,654.225,384.695
431.458,455.071,616.908,414.775
471.318,463.96,659.712,416.988
432.186,423.984,611.639,383.531
324.856,402.039,499.766,380.259
359.167,409.028,535.068,381.266
359.296,439.096,540.954,410.963
323.212,371.9,492.405,350.927
472.227,361.781,640.791,313.762
327.74,432.017,508.319,409.234
457.122,429.026,638.23,384.252
388.876,435.223,569.852,402.161
385.816,469.417,573.342,436.623
432.348,426.441,612.278,385.964
434.442,455.818,620.107,415.021
425.967,412.203,603.007,372.827
601.046,378.149,780.606,305.943
582.299,369.337,758.581,300.482
592.414,447.237,784.893,378.857
546.081,471.205,739.799,411.596
599.018,459.988,794.59,390.825
598.762,457.968,793.916,388.785
602.116,425.787,791.174,354.963
603.278,424.001,792.089,352.902
592.487,448.643,785.251,380.293
592.801,411.213,778.173,341.651
600.055,423.232,788.433,352.703
600.391,425.363,789.214,354.843
595.899,414.716,782.226,344.687
503.856,429.134,686.876,376.148
548.451,404.201,729.139,342.682
95.1451,538.272,309.186,546.021
96.1878,538.507,310.187,546.098
95.7573,584.463,318.199,589.495
69.8706,499.729,279.023,513.304
189.025,582.144,404.976,574.827
221.6,524.45,425.339,514.795
465.029,503.335,664.714,456.25
334.303,485.034,528.034,459.174
447.102,575.739,660.013,531.731
333.283,551.503,539.602,524.64
522.78,551.688,734.961,495.821
590.875,481.102,789.931,414.017
518.133,506.662,721.257,450.854
