126.258,49.1534,150.95,184.685
70.3243,97.0974,92.2805,230.734
139.705,64.586,162.562,199.881
70.4234,96.944,92.392,230.593
69.2166,94.2826,91.4869,228
141.715,93.6888,161.926,227.561
114.73,47.1056,140.017,182.092
111.655,48.8767,136.888,183.599
111.021,48.9694,136.268,183.654
69.8511,19.9768,99.4281,154.426
80.9034,103.742,101.877,233.827
118.382,76.1019,140.88,209.589
82.504,100.245,103.777,230.575
64.0756,21.766,93.7319,159.55
63.2804,19.2953,93.2129,157.215
130.223,22.3942,157.161,159.814
83.3857,100.584,104.6,230.943
78.3611,81.7327,101.578,212.778
145.764,75.6676,167.451,210.659
112.347,31.5185,139.152,167.394
128.758,24.086,155.603,161.317
146.802,87.8699,167.384,222.285
126.316,30.0696,152.72,166.772
74.434,68.012,99.1285,199.612
119.802,98.1819,140.219,230.628
119.31,88.2929,140.655,221.194
99.3673,59.9515,123.994,193.29
78.973,81.812,102.163,212.884
126.127,16.1899,153.78,153.843
312.064,40.5443,331.137,185.92
208.061,45.0966,230.263,184.978
206.762,45.2191,228.998,185.028
314.12,74.7072,331.009,218.291
245.826,73.6504,264.694,213.82
212.106,79.8221,231.477,217.963
277.269,88.6855,294.219,229.712
193.514,49.7402,215.841,188.61
211.057,80.5136,230.404,218.566
213.954,112.911,230.687,249.572
277.608,92.0553,294.319,232.943
259.687,34.5608,280.9,177.625
189.909,100.665,208.22,236.675
272.181,34.0851,292.998,177.804
188.631,45.7258,211.447,184.594
189.647,102.543,207.811,238.456
200.668,90.4527,219.519,227.486
246.198,35.1476,267.835,177.5
234.728,42.8823,256.194,184.144
222.335,63.1265,242.686,202.581
233.803,42.5527,255.324,183.788
236.237,60.9181,256.323,201.198
387.99,36.9009,404.86,186.307
389.033,36.7565,405.878,186.224
352.41,88.5049,367.498,233.38
392.381,68.5037,407.533,216.378
374.746,76.703,389.928,223.212
459.828,98.837,472.045,248.725
336.984,92.2438,352.225,236.161
337.102,94.1982,352.224,238.034
368.694,90.7449,383.271,236.352
377.921,48.432,394.505,196.656
368.527,92.5125,383.012,238.033
466.923,43.2304,481.163,196.237
386.533,76.5649,401.425,223.682
468.811,76.3951,481.722,227.777
357.358,45.9404,374.693,193.272
395.441,91.5175,409.363,238.461
378.485,57.5467,394.577,205.292
459.001,25.6711,474.161,179.269
360.029,37.5647,377.742,185.528
417.013,92.0347,430.425,239.915
394.817,88.928,408.882,235.893
386.285,28.8043,403.617,178.566
402.286,35.915,418.759,186.009
402.367,36.1812,418.824,186.263
357.013,79.8957,372.472,225.408
444.246,33.8183,459.528,186.146
625.091,26.5758,635.371,188.509
529.12,30.7817,542.002,187.642
528.271,30.8768,541.174,187.689
521.329,51.642,533.805,206.935
567.424,64.3125,578.438,221.301
628.188,89.0304,637.508,247.982
566.305,92.2884,576.681,247.922
532.022,64.1334,543.864,219.328
531.875,64.3412,543.714,219.518
631.905,48.1166,641.712,209.199
533.993,94.7945,544.908,248.664
527.852,56.176,540.027,211.561
481.901,86.2676,494.147,237.873
554.594,50.015,566.262,206.992
522.844,75.2723,534.566,229.467
511.115,65.8063,523.403,219.854
486.228,40.0508,500.038,194.212
577.02,20.6562,588.764,180.477
553.771,49.9786,565.46,206.916
589.183,84.948,599.289,242.06
566.15,71.0343,577.034,227.638
511.207,84.7308,522.885,237.905
511.876,31.0834,525.249,187.06
553.94,28.1302,566.177,186.309
587.535,20.387,598.978,180.752
513.4,91.4256,524.816,244.373
554.945,26.0195,567.206,184.375
491.183,73.0428,503.698,225.725
690.63,23.4283,699.184,188.842
655.905,73.726,664.898,234.798
742.015,36.0615,749.288,203.179
655.107,37.4809,664.472,200.307
692.681,53.9271,701.059,217.801
682.254,65.7476,690.791,228.527
692.277,53.5247,700.665,217.398
692.014,82.0352,700.287,244.554
680.407,39.7764,689.135,203.757
740.148,49.1445,747.507,215.489
716.656,75.6289,724.512,239.618
642.642,77.2239,651.852,237.463
670.231,75.7977,678.934,237.514
696.887,84.2814,705.069,246.961
668.36,26.706,677.48,190.809
661.623,31.8945,670.875,195.361
741.724,65.0554,749.106,230.726
670.462,73.1232,679.18,234.967
703.461,22.5466,711.679,188.573
719.554,106.403,727.362,269.357
699.972,21.0853,708.285,187.022
742.605,81.736,750.032,246.742
741.427,81.6362,748.873,246.586
704.364,22.4916,712.559,188.567
649.715,62.391,658.949,223.666
719.852,106.765,727.656,269.718
731.033,44.5405,738.577,210.655
717.361,104.769,725.199,267.698
688.948,15.4778,697.581,181.228
137.175,158.765,151.613,289.918
78.7097,172.517,92.8846,303.838
76.7581,170.821,91.1388,302.083
134.36,212.607,143.849,342.474
127.091,196.671,138.159,326.346
126.362,195.683,137.533,325.336
99.5549,203.29,110.324,331.284
132.763,211.697,142.353,341.462
129.996,199.5,140.762,329.284
127.249,213.239,136.749,342.692
124.894,157.436,139.681,287.89
122.215,159.009,136.905,289.278
156.196,220.05,164.803,351.017
93.0892,212.372,103.029,339.897
139.384,150.039,154.577,281.506
124.293,219.029,133.27,348.205
108.096,211.692,117.941,340.025
124.069,145.522,139.985,276.3
124.896,208.343,134.885,337.729
113.049,228.226,121.234,356.62
142.857,225.818,151.041,356.003
127.507,223.82,136,353.126
16.7196,168.768,32.4261,296.997
141.607,145.303,157.185,277.036
142.838,145.373,158.385,277.167
126.687,224.32,135.139,353.578
85.0124,155.002,100.807,283.332
109.576,141.647,126.163,271.801
107.607,144.146,123.996,273.999
180.565,172.838,193.036,305.905
210.657,171.222,222.817,305.909
217.618,152.763,231.139,288.29
216.772,152.944,230.293,288.421
270.907,166.204,282.589,304.176
255.158,182.757,265.843,319.553
289.16,180.417,299.621,319.055
195.391,157.618,208.902,291.847
315.283,199.468,324.228,339.112
284.769,174.056,295.719,312.586
258.273,175.936,269.422,313.029
253.061,198.899,262.57,335.234
221.135,187.69,231.842,322.597
220.779,188.352,231.437,323.229
293.802,195.464,303.19,334.107
262.921,160.554,275.122,298.243
299.965,206.125,308.583,344.878
280.086,157.578,292.239,296.243
197.222,190.239,208.004,323.835
260.257,158.904,272.618,296.496
283.271,188.961,293.206,327.14
247.509,204.627,256.637,340.596
246.128,204.646,255.266,340.541
239.311,182.257,250.222,318.131
243.195,150.042,256.484,286.889
205.181,162.28,218.148,296.897
233.567,211.286,242.297,346.439
283.071,155.481,295.324,294.357
269.148,142.209,282.556,280.679
358.067,161.087,368.917,303.76
463.759,137.237,474.364,286.065
464.948,137.314,475.534,286.202
395.864,141.987,407.227,287.133
387.432,163.184,397.81,307.356
457.531,188.742,466.082,336.1
386.876,159.585,397.449,303.808
342.217,148.308,354.032,290.473
372.189,146.078,383.685,289.872
411.536,176.497,420.987,321.591
414.655,191.397,423.353,336.437
411.602,175.423,421.105,320.539
412.163,192.031,420.846,336.93
391.015,181.96,400.371,325.966
410.33,178.732,419.681,323.724
325.397,171.637,336.015,312.36
385.748,183.614,395.062,327.315
408.585,181.639,417.808,326.492
409.486,191.507,418.213,336.27
391.967,201.071,400.313,344.825
456.845,152.515,466.912,300.492
345.277,193.052,354.389,334.466
466.123,129.442,477.004,278.568
345.052,194.295,354.092,335.681
410.069,141.373,421.252,287.188
393.566,133.973,405.372,279.179
453.384,137.701,464.113,285.884
439.938,231.348,446.677,377.389
425.457,222.787,432.599,368.051
410.643,140.928,421.84,286.785
405.555,138.312,416.955,283.979
464.167,184.006,472.875,331.868
438.401,231.038,445.154,376.996
500.678,151.82,510.282,302.207
630.045,126.558,638.811,284.376
534.64,132.574,544.453,285.237
535.896,132.452,545.696,285.184
582.657,145.659,591.592,300.499
598.124,159.054,606.654,314.426
622.999,177.077,631.076,333.397
601.527,173.359,609.764,328.673
593.515,152.425,602.211,307.686
565.052,175.984,573.418,329.234
608.983,177.328,617.111,332.898
592.153,167.643,600.553,322.547
515.573,167.912,524.499,318.755
593.874,164.842,602.32,319.884
592.371,135.7,601.411,291.297
537.395,166.313,546.202,318.34
636.838,134.407,645.424,292.367
523.562,141.714,533.239,293.55
517.401,131.827,527.465,283.611
620.023,125.891,628.915,283.117
615.201,154.61,623.68,310.882
541.609,177.464,550.068,329.535
553.616,164.747,562.341,317.571
554.797,158.94,563.665,311.937
559.906,129.098,569.483,283.092
550.516,164.536,559.27,317.2
557.444,151.543,566.48,304.834
611.387,177.523,619.502,333.219
549.265,188.022,557.392,340.281
506.813,126.695,517.191,278.025
659.56,140.977,667.857,299.968
750.712,206.415,758.641,369.276
685.261,142.059,693.336,302.377
735.923,156.003,743.658,318.536
744.165,164.643,751.899,327.479
708.317,155.057,716.191,316.243
708.49,153.932,716.365,315.148
707.756,170.062,715.607,330.986
690.689,160.15,698.641,320.4
752.446,187.526,760.278,350.517
656.538,162.184,664.649,320.545
693.062,160.963,700.999,321.326
752.893,185.636,760.716,348.671
700.673,183.404,708.506,343.797
705.407,158.195,713.29,319.172
705.355,160.586,713.233,321.521
667.686,161.395,675.745,320.36
718.552,223.279,726.369,384.516
671.724,152.676,679.829,312.058
718.552,224.266,726.37,385.519
641.532,124.721,650.188,283.191
701.838,179.707,709.679,340.176
709.663,164.416,717.516,325.515
716.485,213.516,724.292,374.579
711.938,232.694,719.706,393.646
728.407,165.671,736.191,327.654
152.765,348.583,149.461,480.94
106.898,280.816,109.908,409.001
92.9931,321.86,91.7882,453.832
153.792,333.576,151.919,465.585
101.181,277.352,104.54,405.192
79.874,247.906,86.3239,378.344
92.7024,259.645,97.8719,386.905
139.51,283.557,142.285,413.675
124.739,248.399,130.897,377.428
118.076,256.93,123.432,385.561
135.247,288.745,137.518,418.681
150.571,316.147,150.312,447.53
136.286,282.733,139.135,412.665
107.103,258.251,112.365,386.289
130.733,284.08,133.444,413.723
135.157,279.464,138.317,409.299
133.194,242.901,139.837,372.375
134.603,280.901,137.625,410.721
143.875,340.689,141.219,472.257
138.578,307.785,139.037,438.23
143.936,340.986,141.252,472.566
28.5876,324.89,26.6446,453.415
119.096,276.603,122.526,405.416
148.01,257.473,153.231,387.796
147.007,270.933,150.976,401.312
125.711,299.827,126.88,429.412
191.385,297.942,193.027,431.22
220.907,295.653,222.902,430.521
290.842,271.072,295.016,409.44
301.698,334.258,301.542,474.517
231.434,322.679,231.305,458.725
300.062,334.315,299.879,474.484
298.891,301.636,300.978,440.933
235.114,340.628,233.573,477.352
236.463,275.442,240.149,410.784
298.823,300.8,300.967,440.075
284.386,320.174,285.015,459.108
294.663,269.914,298.931,408.479
255.281,286.904,258.148,423.43
233.78,307.693,234.883,443.508
253.721,289.535,256.379,426.016
309.176,284.406,312.515,423.863
305.438,279.163,309.112,418.337
288.454,291.809,291.153,430.339
275.209,294.174,277.65,432.014
277.281,329.848,277.119,468.6
368.604,282.151,372.468,424.94
341.938,285.53,345.415,426.904
474.149,317.191,477.46,466.593
412.075,323.284,414.168,469.392
335.9,330.834,336.453,472.904
474.665,302.7,478.576,451.788
323.559,268.155,328.041,408.191
331.805,298.201,334.403,439.25
473.67,287.337,478.193,436.023
406.453,305.508,409.39,450.868
395.259,277.53,399.564,421.715
463.134,264.135,468.524,411.777
421.509,259.07,426.903,404.377
404.79,263.6,409.881,408.129
417.797,262.173,423.021,407.308
407.227,293.472,410.796,438.603
418.095,269.98,422.935,415.223
396.735,340.967,397.649,486.806
467.021,310.518,470.503,459.295
328.941,324.672,329.797,466.129
323.264,278.137,327.096,418.277
417.84,258.099,423.265,403.196
418.345,280.601,422.661,426.015
418.296,256.719,423.791,401.829
416.357,258.619,421.75,403.64
449.984,248.146,455.994,394.81
334.774,288.649,338.005,429.681
418.995,276.049,423.541,421.427
506.954,269.796,512.451,420.013
533.923,267.789,539.716,419.46
548.547,345.097,552.273,499.744
579.219,306.927,584.522,461.909
580.579,306.631,585.911,461.68
603.925,273.864,610.272,429.496
544.573,293.269,549.725,446.018
546.894,310.302,551.587,463.573
591.633,264.098,598.046,418.89
631.755,295.266,638.117,452.829
506.226,354.861,508.696,507.518
568.438,290.276,573.983,444.192
594.782,317.615,600.12,473.799
572.618,341.113,576.974,496.873
569,256.775,575.382,410.137
593.232,263.921,599.664,418.798
566.94,259.861,573.229,413.148
593.546,328.54,598.631,485.033
571.955,342.619,576.259,498.402
595.349,328.619,600.469,485.217
482.998,309.728,486.74,459.409
631.001,335.095,636.764,493.923
596.181,265.969,602.6,421.04
545.717,279.049,551.292,431.56
611.015,252.912,617.813,408.533
600.616,296.52,606.48,452.452
612.377,255.773,619.136,411.503
538.143,304.445,542.873,457.062
552.156,257.935,558.379,410.387
703.656,329.042,711.125,491.833
697.869,271.477,705.407,432.258
693.717,273.961,701.189,434.561
693.479,342.164,700.658,504.919
701.973,280.027,709.542,441.215
701.061,278.366,708.621,439.466
681.234,332.924,688.167,494.599
752.87,343.743,761.585,509.763
705.967,355.996,713.431,520.099
690.353,337.036,697.479,499.396
742.97,298.947,751.238,462.728
688.831,312.492,696.042,473.793
715.413,329.103,723.152,492.475
746.312,299.925,754.648,463.923
675.079,337.129,681.838,498.626
751.446,303.29,759.9,467.68
712.209,327.66,719.875,490.794
746.933,299.349,755.279,463.365
723.189,246.985,731.05,408.657
672.852,339.338,679.541,500.801
712.193,285.942,719.905,447.751
682.834,312.029,689.928,472.978
712.713,249.865,720.47,411.028
708.972,242.497,716.703,403.371
748.822,300.15,757.208,464.295
751.096,315.374,759.609,480.148
712.69,285.994,720.41,447.832
727.144,339.725,735.173,504.166
642.352,294.346,648.894,452.509
739.006,264.889,747.084,427.634
111.478,412.913,101.066,545.609
115.347,424.329,103.841,557.898
101.453,393.6,92.8709,528.63
153.05,449.82,139.989,587.333
135.411,403.077,126.519,536.655
205.209,427.655,195.694,566.855
278.612,406.695,272.744,548.902
230.843,397.278,224.573,536.222
280.14,418.353,273.433,561.332
306.354,397.195,301.872,540.477
278.217,437.013,270.037,581.013
242.601,407.952,235.73,548.151
305.898,396.741,301.437,539.972
280.113,418.062,273.427,561.021
178.075,419.975,168.546,557.064
212.528,431.969,202.835,571.867
188.999,432.936,178.565,571.526
296.317,451.529,287.631,597.607
192.831,387.817,186.566,524.109
221.081,429.462,211.844,569.698
237.953,400.887,231.549,540.431
276.053,422.541,268.914,565.539
276.124,366.202,273.242,506.204
194.303,389.012,187.961,525.445
338.343,366.201,336.667,509.802
340.815,397.134,337.198,542.397
345.196,427.869,339.715,575.172
344.507,427.788,339.01,575.046
404.535,400.671,402.399,549.808
416.355,387.64,415.223,536.74
418.805,420.871,416.021,572.01
392.408,409.828,389.425,558.801
414.479,418.215,411.699,568.932
402.142,369.603,401.619,516.993
382.179,367.775,381.32,513.942
398.994,367.262,398.528,514.365
362.38,413.081,358.342,560.51
355.483,364.287,354.273,508.779
380.133,369.845,379.111,515.99
585.363,434.715,587.858,596.621
612.089,431.932,615.666,595.205
516.191,392.473,517.587,547.592
590.041,373.671,594.07,531.954
584.274,387.773,587.82,546.556
591.86,373.554,595.942,531.932
582.889,370.417,586.797,528.187
644.844,428.235,649.74,593.164
707.097,422.084,714.459,590.225
669.695,375.236,676.008,538.247
657.628,429.589,663.005,595.369
684.639,426.323,691.103,593.452
762.045,405.321,771.619,579.067
695.099,368.432,702.213,532.541
727.84,380.895,735.951,547.47
704.188,384.569,711.529,550.042
707.993,387.377,715.453,553.236
656.028,379.665,661.884,542.132
729.481,407.192,737.694,575.491
683.22,377.76,689.927,541.689
683.485,376.383,690.209,540.252
648.023,371.415,653.736,532.976
670.436,419.296,676.401,585.034
