135.242,23.5608,143.773,181.694
138.414,24.6187,146.82,182.596
108.224,69.0692,116.947,225.269
134.847,83.7676,142.621,238.608
92.9794,35.992,102.773,194.47
137.1,76.9684,144.901,232.083
137.148,35.6814,145.462,192.996
130.254,42.4279,138.708,199.554
108.311,46.1395,117.418,203.588
96.9469,45.8807,106.424,203.656
108.691,45.97,117.788,203.418
136.768,74.2876,144.611,229.545
113.038,45.2407,122.008,202.613
130.156,42.8357,138.608,199.94
130.387,44.6883,138.806,201.677
135.442,89.1576,143.131,243.739
146.475,53.8536,154.278,209.873
135.19,95.902,142.799,250.189
92.7546,81.005,101.636,240.573
140.444,54.1641,148.428,210.331
147.043,79.0892,154.551,233.915
86.5452,65.6683,95.9004,226.157
127.847,36.4103,136.463,193.933
85.9777,84.8487,94.9575,244.45
133.012,56.3584,141.195,212.607
99.2251,94.4267,107.739,249.657
218.636,104.031,224.248,255.768
214.421,82.0702,220.142,234.902
262.394,117.451,267.125,267.459
296.393,117.953,300.456,267.007
264.351,71.449,268.718,223.334
293.279,89.6233,297.076,239.934
255.722,92.7815,260.444,243.896
253.394,95.0691,258.183,246.146
230.71,116.727,236.076,267.633
250.995,97.6364,255.854,248.667
228.657,70.454,233.993,223.37
302.977,93.5015,306.589,243.285
234.358,74.8366,239.548,227.387
236.92,91.7452,242.088,243.422
274.816,106.269,279.203,256.37
283.961,106.808,288.156,256.636
273.031,106.94,277.462,257.063
270.058,109.557,274.574,259.657
291.316,57.8911,294.804,209.712
194.415,37.3549,200.819,192.997
268.648,56.5896,272.784,209.105
185.978,69.7405,192.497,223.868
205.937,69.8671,211.9,223.437
267.173,111.594,271.765,261.693
291.673,111.848,295.76,261.263
163.68,15.247,171.279,173.154
253.625,39.5249,258.111,193.413
245.865,57.0979,250.673,210.21
339.637,106.605,342.645,254.909
338.915,107.248,341.95,255.546
470.101,93.7445,469.922,239.004
402.556,92.0296,403.838,239.226
473.096,77.0672,472.19,222.93
392.593,105.367,394.462,252.264
470.153,77.7141,469.345,223.631
460.432,95.9578,460.544,241.302
415.233,96.2381,416.349,242.814
426.29,40.4146,425.378,189.468
428.821,55.9884,428.331,204.084
423.232,46.2311,422.597,195.049
438.79,56.722,438.043,204.503
321.568,94.292,324.759,243.529
416.282,91.6851,417.236,238.433
441.9,56.1907,441.048,203.916
415.756,84.1462,416.493,231.259
419.781,53.7145,419.48,202.242
415.836,83.3647,416.547,230.513
421.249,51.5413,420.839,200.149
422.169,36.686,421.268,186.066
458.195,55.0867,456.849,202.482
420.385,51.9343,420.012,200.546
414.229,62.4206,414.348,210.62
574.523,96.4385,572.224,238.703
614.353,98.3,611.332,239.304
536.843,92.6435,535.151,236.114
540.469,79.3789,538.031,223.277
563.139,103.316,561.438,245.517
598.695,94.6785,595.789,236.354
598.538,96.6865,595.753,238.278
606.76,101.396,604.08,242.476
548.33,99.8787,546.75,242.633
624.244,101.854,621.246,242.433
595.719,118.043,594.244,258.847
608.294,104.569,605.776,245.474
577.036,66.369,573.011,209.881
619.658,90.1468,616.023,231.368
597.902,67.7281,593.424,210.594
629.548,33.1377,622.105,177.119
543.998,55.1251,540.262,200.152
559.668,42.2907,554.834,187.631
549.011,88.4075,546.831,231.654
616.066,77.2979,611.717,219.185
504.989,55.1611,502.335,201.266
512.65,48.169,509.468,194.433
540.24,33.1636,535.532,179.598
557.908,68.4585,554.483,212.387
580.853,50.7443,575.862,194.985
609.232,68.7412,604.53,211.243
746.379,67.0534,738.176,205.819
734.617,86.7858,728.27,224.903
709.847,45.7265,700.934,186.71
696.798,83.8348,691.052,223.212
749.476,51.1708,739.904,190.709
708.093,96.8322,703.085,235.316
708.125,104.546,703.702,242.7
695.092,99.8055,690.572,238.599
748.308,48.7575,738.57,188.457
708.574,99.5223,703.761,237.876
712.862,71.9729,705.856,211.454
736.39,52.4703,727.271,192.297
704.71,102.373,700.187,240.712
723.426,65.4088,715.654,204.894
728.044,48.0383,718.8,188.337
671.095,36.1019,662.601,178.734
710.237,71.299,703.242,210.887
729.23,48.2932,719.974,188.545
708.799,109.834,704.767,247.754
731.893,66.0712,723.965,205.288
734.029,66.624,726.092,205.752
715.688,61.1676,707.79,201.14
718.282,106.848,713.847,244.612
715.001,61.1516,707.119,201.143
742.939,113.181,738.563,249.936
146.476,146.231,153.245,298.429
92.5395,231.618,98.4296,387.662
149.088,216.626,155.035,367.598
149.231,131.252,156.118,283.889
89.4363,143.728,97.1437,301.06
136.694,183.788,143.136,335.379
139.16,183.883,145.575,335.405
136.119,184.28,142.561,335.879
92.5051,151.422,100.01,308.466
151.798,176.155,158.164,327.5
140.532,230.958,146.343,382.018
98.8404,154.176,106.248,307.325
138.159,136.688,145.184,289.365
99.1702,200.018,105.704,352.303
138.23,136.323,145.259,289.009
103.034,230.571,108.968,382.55
100.384,213.854,106.645,365.978
107.615,149.529,114.968,302.56
106.402,208.188,112.729,360.192
139.809,209.009,145.901,360.199
230.235,185.093,235.733,334.179
220.59,205.512,226.186,354.601
231.624,217.941,237.175,366.63
264.61,213.718,269.993,361.525
280.583,165.153,285.413,313.18
214.573,188.386,220.219,337.852
207.01,188.483,212.725,338.156
280.705,170.186,285.582,318.101
230.611,147.337,236.034,297.189
244.562,165.521,249.842,314.499
175.023,186.846,181.048,337.425
175.372,238.105,181.036,388.296
183.216,192.07,189.132,342.347
280.914,177.738,285.863,325.498
227.575,210.333,233.133,359.186
272.889,134.699,277.557,283.822
268.378,177.462,273.455,325.573
211.38,184.625,217.06,334.238
274.224,133.158,278.855,282.294
281.268,224.677,286.681,371.897
292.906,177.493,297.729,324.927
256.803,201.364,262.146,349.406
257.552,212.065,262.956,359.987
285.396,132.578,289.827,281.425
286.716,134.391,291.143,283.143
217.652,225.956,223.263,374.995
168.93,183.264,175.042,334.069
255.53,181.483,260.766,329.842
330.951,218.187,336.118,364.135
407.514,216.504,412.384,360.348
469.28,150.831,471.347,294.014
468.219,122.639,469.201,266.79
470.287,136.558,471.78,280.185
390.147,222.8,395.244,367.03
468.375,138.91,469.99,282.516
405.44,137.758,407.984,283.134
394.385,201.951,398.888,346.283
394.297,226.171,399.48,370.274
374.487,193.299,378.888,338.286
414.258,184.319,418.096,328.256
417.855,186.008,421.717,329.818
401.333,224.278,406.448,368.194
407.33,149.119,410.178,294.056
385.411,164.568,388.972,309.72
418.571,186.385,422.439,330.17
403.199,178.625,406.964,322.999
635.236,188.709,637.722,326.562
541.911,187.731,544.932,328.178
575.728,152.602,576.531,292.801
541.342,187.772,544.369,328.234
576.757,152.214,577.526,292.395
632.683,141.736,632.105,280.724
633.031,152.268,633.13,290.895
600.019,124.171,598.834,264.634
634.187,153.533,634.355,292.094
542.401,151.96,543.58,293.096
529.332,191.893,532.645,332.625
543.741,219.344,548.396,359.408
521.077,191.145,524.406,332.116
543.358,219.735,548.034,359.808
588.54,180.787,590.839,320.007
590.074,137.604,589.833,277.894
539.849,211.119,544.086,351.347
578.896,232.271,584.248,371.32
494.089,237.571,499.648,378.963
523.782,220.557,528.532,361.167
492.666,190.074,496.133,331.845
499.851,194.238,503.456,335.752
522.825,237.537,528.41,378.134
598.894,180.43,601.094,319.371
749.228,203.188,752.296,337.521
688.904,201.286,692.029,337.488
690.565,229.311,695.814,365.275
684.337,129.567,682.182,267.463
688.898,199.024,691.853,335.252
679.001,237.234,684.828,373.51
700.852,217.435,705.188,353.165
684.704,170.089,685.52,306.861
651.858,237.231,657.627,374.259
742.58,158.631,741.948,293.944
696.391,150.133,695.6,287.068
748.583,215.17,752.673,349.414
678.4,219.719,682.924,356.057
743.047,158.12,742.368,293.433
699.847,217.157,704.162,352.917
711.293,188.737,713.343,324.403
677.77,191.068,680.184,327.71
670.66,195.55,673.435,332.327
708.014,187.144,709.957,322.926
709.343,188.481,711.384,324.205
722.97,197.728,725.679,332.914
746.54,162.453,746.188,297.564
646.552,187.939,648.919,325.491
679.734,169.304,680.535,306.231
745.533,215.092,749.619,349.421
673.02,187.498,675.2,324.325
746.841,153.043,745.701,288.383
658.669,211.765,662.643,348.702
712.056,188.94,714.118,324.582
659.326,224.083,664.173,360.929
150.188,289.361,155.318,440.72
91.9387,301.961,96.373,458.856
109.005,330.896,113.115,484.197
137.257,325.528,141.815,478.004
147.178,249.774,152.752,400.716
125.93,353.013,129.921,506.581
137.055,342.931,141.373,495.983
133.861,342.075,138.142,495.185
137.775,290.13,142.813,441.749
153.377,281.349,158.615,432.429
136.881,290.234,141.912,441.879
123.425,346.77,127.473,500.17
120.092,357.053,123.917,510.943
117.451,340.098,121.517,493.471
135.503,337.722,139.869,490.634
154.36,278.294,159.635,429.303
33.0135,294.245,37.1609,452.654
132.529,356.193,136.586,509.771
123.821,273.981,129.019,425.623
123.816,274.413,129.007,426.061
100.062,247.98,105.672,400.062
193.059,306.148,198.411,456.667
231.482,288.538,237.179,437.638
230.343,288.531,236.032,437.663
265.228,319.207,271.406,468.064
299.974,319.033,306.589,466.925
208.571,291.794,214.1,441.586
238.546,340.378,244.462,490.537
289.594,332.037,296.23,480.602
295.517,312.49,301.992,460.332
269.629,312.948,275.81,461.517
292.715,310.9,299.138,458.78
290.187,308.324,296.551,456.211
303.055,334.043,309.92,482.301
275.146,298.608,281.257,446.694
262.376,335.159,268.632,484.481
231.78,322.685,237.552,472.565
291.939,296.452,298.179,444.03
231.532,323.115,237.302,473.014
293.114,327.302,299.744,475.623
256.797,340.513,263.003,490.172
250.05,317.121,256.027,466.245
272.693,327.362,279.038,476.249
230.111,249.526,235.726,398.18
308.72,345.286,315.838,493.68
294.884,294.565,301.127,442.025
295.593,324.907,302.227,473.087
368.905,304.118,376.047,449.731
333.487,287.626,339.939,433.893
406.523,286.991,413.547,431.227
397.477,307.3,405.025,452.195
340.977,306.641,347.871,453.084
466.577,336.1,476.125,479.808
353.889,290.392,360.564,436.143
324.506,339.261,331.789,487.005
383.598,289.691,390.508,434.608
333.207,320.128,340.271,467.131
420.757,321.561,429.049,466.089
403.318,326.283,411.515,471.524
420.711,320.143,428.955,464.632
422.46,336.204,431.274,481.136
465.007,320.91,473.904,464.195
334.132,321.052,341.226,468.055
471.967,248.848,477.967,390.821
464.076,320.055,472.925,463.342
391.146,290.282,398.137,435.001
354.324,321.715,361.704,468.178
417.481,326.562,425.893,471.326
477.19,278.545,484.457,420.641
466.873,325.672,475.994,469.043
466.658,301.545,474.783,444.305
473.286,316.946,482.141,459.986
366.54,279.277,373.05,424.442
463.845,286.001,471.311,428.544
419.955,287.815,427.113,431.602
464.998,283.78,472.384,426.256
354.695,338.826,362.468,485.815
416.856,284.455,423.879,428.272
419.818,289.52,427.032,433.34
404.805,279.142,411.572,423.248
510.266,302.484,518.937,444.149
537.101,302.081,546.066,442.994
545.117,285.219,553.269,425.592
591.292,300.393,600.804,439.769
592.307,328.48,603.574,468.553
524.307,288.601,532.442,429.606
606.356,314.316,616.943,453.601
596.306,295.462,605.57,434.599
631.158,333.315,643.402,472.374
602.106,307.4,612.192,446.633
609.968,328.636,621.54,468.221
598.505,293.492,607.67,432.531
573.49,329.177,584.479,469.702
577.03,248.1,583.295,387.166
600.291,322.504,611.311,462.179
616.984,333.062,628.96,472.505
524.389,318.637,534.044,460.307
544.639,248.627,550.832,388.591
546.188,318.434,556.149,459.495
605.816,248.422,612.197,386.693
557.928,334.215,568.945,475.332
602.226,319.982,613.115,459.533
627.62,317.134,638.697,455.814
562.682,317.126,572.802,457.604
599.323,241.989,605.284,380.421
527.456,283.953,535.385,424.795
563.298,311.988,573.133,452.316
628.704,283.093,637.489,421.03
592.506,272.557,600.314,411.386
569.553,283.181,577.803,422.756
630.76,254.939,637.665,392.519
591.35,275.237,599.313,414.131
667.413,300.367,677.855,437.633
693.205,302.133,704.112,438.722
701.916,284.329,711.516,420.344
702.67,283.966,712.248,419.955
751.923,327.397,765.826,462.822
743.578,318.63,756.566,454.036
741.429,315.4,754.101,450.78
680.74,286.808,690.315,423.45
749.611,322.524,763.041,457.87
716.215,316.182,728.573,452.381
716.223,315.672,728.539,451.858
698.367,320.931,710.839,457.842
664.765,320.847,676.685,458.641
708.159,343.959,722.665,481.247
713.254,320.864,725.952,457.272
690.763,286.775,700.44,423.139
679.746,311.897,691.224,449.086
717.608,325.749,730.783,462.174
703.966,248.122,710.704,383.676
736.214,327.746,749.87,463.617
709.245,340.215,723.463,477.319
726.348,269.514,734.947,404.528
750.681,261.823,758.797,396.035
712.064,297.485,722.828,433.367
715.26,283.958,724.955,419.511
715.575,284.669,725.331,420.224
679.63,311.544,691.08,448.728
699.444,339.416,713.412,476.816
700.776,276.46,709.734,412.34
660.951,282.962,670.042,420.091
714.609,286.535,724.508,422.147
110.397,409.105,113.095,565.884
98.2822,386.232,101.131,542.081
105.051,405.979,107.669,562.724
130.981,377.782,134.691,532.369
130.779,377.856,134.483,532.454
137.071,418.919,140.337,575.666
111.592,386.288,114.738,541.773
121.109,384.868,124.493,540.019
123.054,385.668,126.469,540.805
133.041,413.855,136.267,570.413
137.536,427.975,140.689,585.295
132.513,423.794,135.578,580.983
126.82,429.328,129.632,587.024
25.9812,409.564,26.3446,572.854
25.8556,409.713,26.2107,573.015
193.074,431.384,197.882,587.495
294.745,409.025,302.445,560.923
273.216,409.535,280.322,562.059
267.286,441.895,274.497,596.67
247.721,427.89,254.21,582.157
301.557,440.685,309.897,594.426
251.624,418.683,258.181,572.257
255.992,425.861,262.723,579.768
257.924,423.532,264.698,577.236
306.584,400.796,314.488,551.786
308.819,418.535,317.056,570.517
259.512,420.627,266.313,574.104
312.629,423.805,321.064,576.012
291.083,430.213,298.944,583.533
294.205,432.496,302.194,585.881
274.631,434.12,282.012,588.156
242.06,420.842,248.347,574.815
271.86,435.662,279.166,589.879
296.99,434.666,305.097,588.12
243.451,424.062,249.793,578.2
372.478,425.106,382.794,575.838
345.525,426.379,355.029,577.94
404.473,405.612,415.173,554.273
476.216,434.862,490.254,583.36
446.792,398.634,458.408,545.519
446.799,395.544,458.295,542.261
399.486,421.582,410.54,571.341
422.51,414.958,434.041,563.572
411.106,438.67,423.087,589.234
422.577,414.914,434.108,563.524
446.518,377.295,457.299,523.084
422.243,427.785,434.214,577.212
432.038,368.215,442.15,513.99
327.461,418.381,336.248,569.837
429.18,393.529,440.139,540.721
422.848,407.027,434.112,555.163
433.713,418.694,445.716,567.202
456.378,376.471,467.36,521.948
512.35,420.028,526.865,566.559
597.483,397.872,613.274,540.747
532.586,401.076,546.721,545.928
609.978,429.329,628.239,573.746
597.983,418.499,615.129,562.559
575.644,410.219,591.562,554.306
638.118,453.128,659.058,598.33
602.777,421.337,620.264,565.441
559.476,400.51,574.338,544.491
606.238,452.354,625.917,598.471
605.761,423.157,623.467,567.293
618.303,411.514,635.612,554.494
617.283,408.51,634.355,551.341
635.658,407.92,653.248,550.207
613.908,447.059,633.515,592.583
558.076,410.059,573.453,554.623
587.419,376.82,601.589,518.749
608.042,377.027,622.738,518.394
630.389,376.379,645.598,517.096
553.158,368.278,566.003,510.766
672.876,414.482,692.127,556.217
703.469,394.84,722.068,534.609
744.883,386.85,763.939,524.859
747.856,390.998,767.369,529.137
649.344,416.75,668.014,559.276
712.855,455.256,736.868,598.575
708.636,439.94,731.186,582.332
697.254,411.011,716.999,551.862
719.421,398.291,738.764,537.711
708.788,427.33,730.274,568.871
719.524,447.809,743.146,590.361
716.506,403.539,736.211,543.332
719.7,393.82,738.669,532.993
726.414,384.417,744.759,522.897
719.121,415.367,739.921,555.779
730.862,408.414,751.428,548.058
720.062,391.128,738.811,530.149
746.841,369.424,764.386,506.538
726.454,385.857,744.926,524.421
735.775,369.096,753.018,506.502
649.343,452.768,670.69,597.667
719.745,447.414,743.341,589.932
720.335,392.183,739.182,531.252
724.384,374.5,741.817,512.523
