119.398,104.13,161.47,214.865
142.48,99.0767,184.411,213.292
103.42,98.9547,147.162,207.856
149.379,87.1231,193.089,203.082
130.036,90.4043,174.067,203.508
279.64,52.2778,323.145,188.367
286.857,60.8577,328.727,197.311
166.464,93.0681,208.369,210.95
190.264,86.7458,232.19,208.292
248.106,108.007,284.142,236.137
253.437,60.0698,296.901,192.048
285.915,37.985,331.322,175.926
283.152,38.9957,328.533,176.491
476.745,35.2376,514.548,199.544
473.845,22.7423,513.317,187.534
333.023,65.8446,372.224,208.413
456.879,46.0993,494.436,213.238
468.74,106.35,498.202,271.967
331.572,22.5227,377.162,168.18
328.109,79.4906,365.488,220.31
464.395,81.8944,497.121,248.058
340.773,78.1017,377.883,221.463
574.276,72.801,604.495,248.084
537.881,18.8437,575.383,192.507
555.379,78.5077,585.461,250.872
555.544,80.0917,585.439,252.396
521.737,56.7457,555.353,225.695
534.197,74.7678,565.302,244.393
539.362,77.4833,570.003,247.686
521.981,32.7255,558.436,203.256
531.901,73.1904,563.258,242.586
522.661,62.2391,555.599,231.039
527.02,69.8389,558.92,238.774
517.221,55.3228,551.162,223.859
553.355,17.1957,590.489,193.135
691.256,42.273,721.544,235.392
724.508,117.729,747.206,311.979
708.746,111.864,732.194,304.108
764.929,109.904,787.822,310.106
733.728,56.5587,761.714,254.666
724.26,58.8862,752.242,255.561
676.209,13.8026,709.607,206.678
689.336,27.4297,721.06,221.164
770.249,97.8885,794.09,299.312
57.3319,211.969,81.6564,308.607
25.9246,129.079,67.6147,225.445
81.0565,205.947,105.769,306.15
78.8142,144.349,115.266,247.087
22.1429,208.439,48.3568,300.255
130.104,229.15,148.757,338.883
51.3446,122.521,93.1221,222.778
296.812,143.538,325.539,276.572
227.224,170.971,253.631,293.085
310.891,235.282,324.885,367.441
277.39,158.819,304.291,288.469
252.123,164.82,278.802,290.679
300.954,152.22,328.205,285.45
202.259,176.98,228.405,295.347
244.104,156.349,272.416,281.447
208.388,211.422,228.443,329.464
447.177,208.525,463.122,360.921
438.531,192.746,456.752,344.158
414.743,190.894,433.618,338.953
471.285,222.474,485.086,378.252
408.189,181.584,428.493,328.93
419.883,205.753,436.59,354.218
434.173,217,449.117,367.311
458.677,214.098,473.728,368.091
447.926,186.168,466.892,339.127
448.129,189.175,466.686,342.101
443.198,183.865,462.554,336.192
424.74,157.469,448.183,310.912
437.941,152.774,461.933,312.119
453.947,169.67,475.023,323.923
451.585,172.063,472.384,325.909
451.534,167.239,472.98,321.224
448.609,166.393,470.225,319.989
593.113,192.291,609.572,366.109
537.441,223.484,550.6,388.846
583.048,226.835,595.604,398.811
540.612,204.422,556.079,370.474
569.784,205.053,584.938,375.225
614.883,219.45,628.191,396.113
596.267,210.122,610.687,384.158
635.148,190.589,651.498,370.412
601.572,212.055,615.75,386.841
550.361,233.753,562.204,400.922
617.346,194.116,633.422,371.316
552.744,208.206,567.648,375.872
549.043,149.164,571.021,317.565
554.389,210.72,568.98,378.591
587.132,218.085,600.684,390.718
609.732,214.349,623.621,390.3
575.671,168.081,595.054,339.747
580.566,142.251,602.825,315.34
584.134,219.582,597.526,391.767
578.578,141.935,600.905,314.753
633.063,145.686,654.184,326.13
683.633,191.547,699.678,378.458
656.329,197.875,671.824,380.755
772.298,135.045,793.026,335.631
740.559,133.024,761.712,329.076
740.08,166.075,758.311,361.423
760.536,138.344,781.06,337.105
730.019,133.66,751.222,328.239
755.488,143.954,775.565,341.858
711.968,182.89,728.765,374.013
651.628,213.201,665.539,395.259
730.807,167.964,748.906,361.944
743.066,151.691,762.552,347.68
730.99,124.003,753.051,319.003
727.324,198.043,742.685,391.234
739.234,125.052,761.103,321.132
741.749,123.788,763.703,320.263
750.505,123.644,772.381,321.366
757.619,234.355,769.796,431.846
734.076,181.785,750.908,376.032
765.878,232.898,778.228,431.488
742.21,177.336,759.426,372.818
744.611,212.861,758.638,408.409
748.759,167.036,766.854,363.511
667.636,130.16,689.888,315.951
140.304,286.146,148.143,396.254
139.821,287.669,147.382,397.702
42.4273,309.103,47.4553,404.743
19.0845,314.656,23.7897,403.612
51.0416,295.435,59.0248,389.202
91.3411,298.184,97.6906,401.055
38.6732,251.056,55.8513,343.844
95.8587,325.33,96.8232,428.85
27.0415,351.406,23.9874,441.518
306.847,353.849,301.659,489.301
164.769,281.933,172.998,395.656
266.457,259.526,277.122,388.287
173.146,268.672,183.648,383.844
268.512,259.135,279.215,388.2
223.185,309.263,225.811,431.567
469.367,271.635,476.571,426.796
474.27,300.478,477.56,456.579
464.955,245.505,475.713,400.062
463.98,346.741,460.825,502.094
450.017,288.226,454.963,440.506
465.976,326.943,465.594,482.189
446.561,288.496,451.471,440.268
366.765,253.223,377.29,396.711
434.824,327.766,434.272,481.949
463.02,334.233,461.602,489.132
471.398,354.348,467.264,511.129
472.337,354.532,468.189,511.483
465.896,254.038,475.495,408.694
381.575,354.088,376.751,500.864
454.728,291.71,459.189,444.714
465.214,303.735,468.034,458.53
448.176,358.002,443.275,511.285
444.14,342.913,441.355,495.176
371.115,356.643,365.819,501.893
435.39,299.439,438.76,449.648
427.882,263.846,436.443,416.266
472.13,343.256,469.541,499.859
447.724,260.21,456.566,412.086
599.946,292.712,604.914,467.52
597.53,292.283,602.528,466.723
563.293,298.987,567.228,468.424
627.049,287.032,632.896,465.795
590.849,255.027,600.128,428.056
591.669,255.037,600.948,428.187
610.758,354.35,608.714,532.377
550.233,247.079,560.456,414.187
603.19,319.259,605.113,495.103
493.221,344.855,490.632,504.78
570.554,330.469,570.725,501.682
551.231,310.409,553.665,478.247
586.819,290.9,591.887,463.628
555.258,262.764,563.565,430.578
594.114,319.166,595.925,493.545
520.051,314.685,521.694,477.934
502.487,327.432,502.319,488.313
591.696,308.689,594.713,482.465
611.157,281.361,617.507,457.614
550.041,335.199,549.369,503.443
497.866,290.862,502.507,450.392
544.933,301.644,548.411,468.382
499,295.82,502.99,455.574
594.342,338.976,593.818,513.942
664.197,278.15,671.347,462.318
665.938,278.163,673.103,462.591
744.795,261.39,754.429,457.328
671.545,310.375,675.404,496.298
678.764,296.239,684.196,482.914
679.326,340.791,680.129,528.778
679.3,277.42,686.675,463.829
680.511,340.503,681.368,528.66
681.204,340.054,682.122,528.301
752.493,291.092,759.521,488.733
735.634,279.747,743.455,474.615
750.905,290.712,757.942,488.105
653.643,276.883,660.819,459.366
693.799,306.895,698.36,496.085
760.596,324.674,764.716,524.468
712.051,275.649,719.963,466.918
761.008,324.819,765.124,524.681
731.124,317.998,735.255,513.151
681.78,275.094,689.418,461.838
764.641,358.113,765.82,559.898
644.247,347.856,643.585,530.752
698.111,326.06,700.809,516.46
672.584,350.066,672.263,537.336
717.522,308.769,722.291,501.59
697.802,324.213,700.681,514.507
701.902,295.902,707.689,486.046
723.65,297.464,729.614,490.916
745.552,309.051,750.795,506.053
740.628,254.328,750.857,449.501
151.014,385.629,139.923,498.288
75.6503,400.998,61.6033,502.639
100.036,395.775,87.0027,500.974
51.1334,405.874,36.1386,503.908
26.9871,410.783,11.4531,501.804
311.789,446.33,291.18,586.18
201.987,375.079,192.886,495.188
253.961,364.73,246.785,492.447
227.572,369.984,219.422,493.838
176.904,380.231,166.835,496.672
233.067,407.279,218.256,533.133
232.729,407.409,217.892,533.216
340.417,441.199,321.203,585.235
335.389,442.116,315.928,585.418
346.499,426.411,329.815,570.591
467.991,366.723,462.087,523.29
549.817,423.492,537.905,595.465
578.972,418.851,568.442,595.1
508.049,414.26,496.321,579.233
583.936,399.715,575.896,575.691
506.373,414.084,494.631,578.788
582.759,400.269,574.622,576.091
521.38,429.514,507.923,597.403
578.422,413.675,568.519,589.544
563.206,407.61,553.668,580.785
532.327,412.922,521.348,581.589
631.73,413.788,623.323,597.969
496.864,376.141,490.087,537.6
495.868,414.404,483.841,577.398
629.577,402.014,622.464,585.191
609.043,393.191,602.405,572.62
626.844,400.238,619.86,582.894
573,410.171,563.39,585.004
493.058,415.9,480.762,578.536
493.787,402.992,483.285,565.099
730.738,390.568,727.847,588.84
688.1,380.087,685.01,571.186
689.338,380.007,686.291,571.293
762.341,385.459,760.95,588.361
700.826,396.588,696.395,590.544
699.776,391.363,695.851,584.864
712.088,380.083,709.673,574.894
649.83,409.847,642.415,596.62
652.735,411.195,645.257,598.501
648.018,396.43,642.051,582.168
677.925,380.824,674.468,570.284
706.211,376.787,703.963,570.521
739.431,371.215,738.676,569.807
693.132,390.002,689.151,582.397
646.005,380.154,641.795,564.69
779.813,360.442,781.212,564.64
69.2922,491.649,36.3638,596.143
