119.398,104.13,341.879,62.6913
142.48,99.0767,364.361,62.5971
77.3133,105.82,303.157,55.7805
151.671,84.4806,376.445,50.5597
282.707,52.3687,509.034,46.3805
286.857,60.8577,510.917,55.5334
249.373,58.8313,475.141,45.8059
197.752,72.4453,422.55,48.398
245.41,62.0485,470.523,48.1137
190.264,86.7458,411.951,60.6051
230.536,66.0747,455.267,48.9588
198.087,72.191,422.929,48.2217
253.437,60.0698,478.741,47.8441
285.915,37.985,515.777,32.9703
283.152,38.9957,512.828,33.3943
476.745,35.2376,709.352,70.6417
473.845,22.7423,709.678,57.3817
333.023,65.8446,555.098,70.1753
456.27,33.5371,692.469,65.6894
461.653,70.1533,688.304,103.681
454.457,33.2265,690.668,64.9831
463.485,69.9566,690.259,103.894
468.1,30.2006,705.683,64.9045
466.85,95.2195,687.022,130.033
456.879,46.0993,689.754,78.4518
459.83,58.4566,689.527,91.5223
331.572,22.5227,564.919,27.2152
328.109,79.4906,546.601,82.5103
464.395,81.8944,688.023,116.093
340.773,78.1017,559.958,83.9986
537.881,18.8437,778.344,67.3714
555.379,78.5077,780.716,132.333
555.544,80.0917,780.458,133.991
521.737,56.7457,750.805,102.425
534.197,74.7678,759.126,123.614
539.362,77.4833,763.887,127.574
521.981,32.7255,757.605,78.0245
531.901,73.1904,757.115,121.479
527.02,69.8389,752.861,116.954
517.221,55.3228,746.483,99.981
553.355,17.1957,795.427,69.1135
57.3319,211.969,259.895,151.107
25.9246,129.079,251.604,67.2471
81.0565,205.947,282.562,150.6
140.938,180.228,343.172,139.336
22.1429,208.439,229.548,140.289
51.3446,122.521,275.809,66.2354
296.812,143.538,499.586,138.34
227.224,170.971,425.929,149.423
252.123,164.82,451.149,149.03
300.954,152.22,501.407,147.726
188.086,168.588,389.704,138.522
187.091,168.307,388.844,138.036
241.397,155.041,443.364,137.214
447.177,208.525,632.579,237.608
438.531,192.746,627.883,219.772
471.285,222.474,653.648,257.531
435.669,212.575,619.759,238.798
408.189,181.584,600.052,201.386
419.883,205.753,605.557,228.165
460.172,229.071,640.45,261.319
414.512,173.49,610.157,195.261
458.677,214.098,642.882,246.011
448.129,189.175,638.65,218.552
433.993,194.076,622.916,219.994
424.74,157.469,624.942,181.824
437.941,152.774,641.966,180.862
453.947,169.67,649.75,200.479
451.585,172.063,646.694,202.303
451.534,167.239,647.92,197.472
448.609,166.393,645.147,195.927
434.288,165.889,634.779,193.049
435.025,163.716,636.103,191.062
593.113,192.291,790.005,257.914
537.441,223.484,722.204,275.336
583.048,226.835,769.705,290.568
540.612,204.422,730.711,256.86
569.784,205.053,761.446,264.935
567.255,207.462,758.091,266.737
596.267,210.122,788.49,276.961
550.361,233.753,733.05,289.066
552.744,208.206,742.466,263.774
606.807,213.159,799.022,282.818
550.479,150.253,755.809,204.318
587.132,218.085,776.482,282.714
575.671,168.081,777.838,228.733
584.134,219.582,772.857,283.459
578.578,141.935,788.139,202.734
19.0845,314.656,201.957,237.91
51.0416,295.435,234.559,227.402
50.9618,296.133,234.324,228.032
95.8587,325.33,269.402,266.017
137.212,265.969,321.065,219.993
27.0415,351.406,200.317,273.649
173.146,268.672,353.388,230.864
327.196,338.843,481.601,335.812
476.603,266.552,647.411,302.908
469.367,271.635,638.595,306.093
474.27,300.478,635.978,336.107
465.976,326.943,620.493,360.21
446.561,288.496,610.852,316.926
434.824,327.766,590.746,353.094
463.02,334.233,615.53,366.645
471.398,354.348,618.802,388.884
472.337,354.532,619.723,389.326
465.896,254.038,639.7,287.661
454.728,291.71,618.299,322.243
448.176,358.002,594.25,386.166
444.14,342.913,594.128,370.162
371.115,356.643,519.913,364.554
435.39,299.439,596.68,324.859
472.13,343.256,622.487,378.074
362.48,308.917,523.639,315.761
599.946,292.712,769.728,362.207
597.53,292.283,767.258,361.106
563.293,298.987,729.007,358.53
590.849,255.027,770.293,321.349
591.669,255.037,771.168,321.579
558.044,320.524,717.629,378.848
603.19,319.259,765.917,390.128
493.221,344.855,643.693,385.426
570.554,330.469,728.132,392.365
551.231,310.409,713.197,366.77
541.69,307.446,703.983,361.18
586.819,290.9,756.139,356.75
500.94,321.459,657.859,364.18
594.114,319.166,756.189,387.483
591.696,308.689,756.475,376.167
611.157,281.361,784.862,353.71
550.041,335.199,705.25,391.425
497.866,290.862,662.807,332.76
544.933,301.644,708.95,356.216
617.623,305.686,785.154,380.338
26.9871,410.783,186.405,328.313
36.7651,396.946,198.163,317.944
135.717,382.229,291.68,328.828
248.465,457.965,376.947,429.361
171.467,369.169,327.382,325.424
270.031,456.201,397.63,433.503
339.872,441.143,468.005,438.108
340.417,441.199,468.518,438.311
395.313,426.14,525.926,438.872
457.69,448.075,582.381,477.999
467.991,366.723,612.027,400.215
549.817,423.492,681.238,480.057
578.972,418.851,713.038,483.977
508.049,414.26,640.493,458.714
583.936,399.715,723.468,466.14
506.373,414.084,638.818,458.058
625.144,425.055,760.39,504.039
582.759,400.269,722.073,466.354
521.398,432.918,649.265,481.164
521.38,429.514,650.153,477.766
578.422,413.675,713.861,478.6
508.823,466.27,627.439,510.635
563.206,407.61,699.509,468.033
532.327,412.922,665.897,464.381
586.165,425.138,718.919,492.446
626.991,418.092,764.281,497.523
500.302,450.963,622.777,492.934
629.5,416.523,767.404,496.683
620.109,447.878,748.697,525.651
501.236,451.527,623.582,493.768
631.73,413.788,770.552,494.572
496.864,376.141,639.097,417.592
495.868,414.404,627.918,455.358
591.251,433.733,721.957,502.633
591.117,434.266,721.671,503.131
485.728,467.952,603.392,505.477
613.709,429.306,746.953,504.896
626.844,400.238,769.032,479.33
632.67,431.75,766.619,513.117
573,410.171,709.102,473.476
624.76,441.658,755.37,520.764
493.058,415.9,624.65,456.04
614.258,429.406,747.511,505.162
605.849,456.146,731.265,529.664
659.947,418.625,799.686,508.036
649.83,409.847,791.156,496.006
654.797,412.774,795.724,500.495
652.735,411.195,793.927,498.259
648.018,396.43,792.908,481.766
646.005,380.154,795.203,464.539
35.7582,509.564,171.024,421.174
119.136,536.41,240.089,468.166
61.7807,536.069,189.614,452.564
120.35,531.744,242.274,464.168
236.086,570.253,337.95,532.196
237.043,570.63,338.742,532.824
297.122,560.423,397.343,540.423
357.597,550.386,457.538,548.465
472.045,507.536,579.164,540.468
411.545,526.716,516.117,541.48
415.442,536.914,517.338,552.556
344.135,552.729,443.999,546.764
536.887,535.26,637.973,587.689
537.733,534.882,638.944,587.577
521.434,546.626,619.058,594.153
503.363,503.335,612.016,545.739
505.951,503.634,614.581,546.818
510.618,497.02,621.076,541.672
496.984,527.525,599.136,567.716
526.186,532.361,627.755,581.491
509.803,555.334,604.898,599.146
515.425,534.73,616.067,580.508
495.79,494.893,606.488,535.102
515.83,533.453,616.819,579.369
567.486,487.284,682.405,549.254
503.11,518.082,607.876,560.255
643.323,513.663,755.528,599.57
