258.566,33.7969
227.617,30.7253
224.547,18.5758
264.789,52.2791
227.254,25.2453
226.99,24.8834
253.461,14.0521
252.083,41.4793
260.433,67.6132
262.21,80.9498
272.593,63.6468
262.233,82.9496
267.15,37.297
256.641,23.2789
256.331,24.6274
266.174,59.7833
233.109,39.4412
233.317,39.5623
269.77,46.9323
233.515,58.7063
234.93,36.1334
256.556,74.6891
257.265,52.4351
281.57,66.1485
243.978,16.9344
203.372,36.0373
268.228,88.2514
202.105,35.9142
273.818,99.1609
257.995,90.9251
239.381,60.5518
271.216,83.1795
255.706,93.1223
244.855,31.1193
352.378,70.3887
352.256,70.5163
635.058,85.5415
632.87,67.6136
630.872,66.4167
633.9,76.279
632.014,78.2355
541.064,34.9189
540.643,19.2989
646.018,87.1429
728.035,14.0907
733.978,104.74
643.91,68.2524
742.023,111.833
729.851,75.7409
644.964,77.9893
647.05,94.5836
733.028,48.9458
730.045,29.0921
737.967,82.9868
731.011,34.0833
728.975,70.975
737.022,78.1201
735.11,63.7341
731.769,90.0873
741.05,106.969
739.927,97.2887
646.929,77.0957
733.108,99.9002
722.729,26.4316
726.892,56.2263
739.105,92.6038
732.054,43.9606
724.799,41.4862
721.986,21.6057
647.947,85.9994
723.373,41.183
730.429,89.9937
727.721,60.9564
731.057,85.4635
721.441,26.2657
725.641,46.3167
724.415,46.2173
737.157,70.7381
726.36,60.9293
734.648,109.205
725.398,55.939
730.187,21.7868
733.412,109.262
298.948,185.886
313.638,215.285
292.307,175.089
303.036,199.179
292.198,193.801
290.003,190.595
304.314,201.774
390.03,209.539
382.021,207.828
383.104,195.363
387.826,228.977
393.498,208.944
371.958,194.036
369.373,202.86
394.127,207.994
393.103,230.869
392.148,201.096
415.665,231.352
390.454,231.204
326.504,208.644
424.794,228.586
379.136,180.129
362.676,222.806
382.693,199.972
395.101,195.025
363.644,199.531
389.883,189.021
376.887,189.519
386.623,196.29
458.641,139.769
440.13,184.642
449.752,142.147
467.771,138.803
360.177,215.628
428.053,168.138
378.44,189.739
604.607,222.59
606.803,235.328
499.125,166.209
595.997,234.519
623.649,227.813
592.853,213.977
497.209,177.182
486.015,151.039
501.881,165.343
586.39,202.598
496.591,159.827
495.72,152.585
584.346,211.323
491.019,168.812
629.263,207.495
576.538,204.846
564.416,153.832
581.03,209.856
484.716,136.486
517.187,181.513
753.191,190.99
749.076,198.503
706.118,207.778
747.75,202.562
754.063,188.335
707.988,207.744
756.813,183.067
706.124,207.258
651.152,178.749
646.91,134.168
645.983,130.026
738.976,197.604
648.898,151.997
744.032,126.047
746,140.099
692.67,209.948
747.6,206.907
641.884,160.595
650.147,188.04
761.87,194.248
650.964,165.185
736.76,123.535
743.776,174.928
649.095,180.838
739.839,147.13
743.811,170.621
740.684,151.774
747.903,154.056
646.682,137.664
678.627,208.69
741.851,161.089
774.603,194.92
738.778,137.72
737.867,133.138
749.806,215.98
653.018,174.941
749.892,167.987
742.699,165.764
760.098,233.745
751.079,170.193
113.427,294.821
50.7442,270.419
115.872,287.176
55.1517,279.526
108.218,279.032
106.366,278.978
127.066,292.454
104.97,272.158
107.555,284.145
149.609,299.372
146.057,301.729
123.721,300.674
121.946,300.85
145.475,301.889
122.983,302.912
145.084,302.564
123.661,306.325
121.865,304.67
26.2144,266.483
124.784,308.233
136.743,326.792
43.8623,334.097
143.097,322.862
106.897,343.184
139.567,324.379
135.81,324.888
86.0503,270.224
181.479,281.735
197.812,269.811
228.656,284.327
262.186,320.188
160.748,308.977
207.844,294.391
203.842,284.947
222.546,307.511
232.304,310.451
220.78,309.644
246.962,323.023
241.508,299.558
246.438,319.136
230.372,313.018
228.63,267.715
255.023,323.523
170.594,324.957
237.055,314.006
256.17,302.526
239.726,310.901
246.009,315.666
217.483,281.291
220.755,298.795
375.231,272.254
359.149,290.315
376.247,276.331
363.891,283.266
349.591,292.274
366.395,278.671
363.116,271.116
385.622,271.899
368.448,278.788
362.849,272.156
380.619,284.26
402.106,355.367
416.393,255.775
439.723,246.073
356.558,281.064
404.195,252.383
379.314,290.9
393.819,248.44
382.853,280.385
462.572,350.112
370.058,257.654
370.164,256.503
392.686,289.034
376.34,243.185
374.875,247.995
422.642,284.153
352.405,355.827
389.43,270.666
387.811,255.86
404.993,312.296
354.365,346.78
395.133,288.715
424.461,244.952
399.151,345.686
408.412,313.427
396.042,342.016
442.126,281.64
345.878,305.034
469.958,308.769
393.871,241.965
622.375,309.975
624.668,308.108
615.98,278.059
618.13,346.826
608.427,339.854
611.525,332.734
618.522,274.214
613.114,267.282
617.803,273.723
618.617,278.135
612.144,338.177
598.813,244.971
523.867,303.183
638.494,315.133
600.849,263.073
622.817,337.283
595.076,348.851
601.987,259.934
597.525,349.463
527.138,304.445
586.823,251.691
632.538,337.119
594.344,347.299
609.092,292.495
607.111,292.504
607.054,276.687
607.937,346.309
619.189,290.911
771.244,309.523
771.208,297.523
770.215,298.322
768.853,313.878
717.722,298.387
759.999,338.175
743.817,333.582
753.994,298.986
747.727,257.319
703.962,290.263
752.221,300.217
771.325,338.156
746.443,257.239
762.362,320.279
773.03,337.43
765.157,273.505
676.287,313.981
765.746,284.908
724.944,340.85
724.921,341.112
754.972,251.6
730.173,339.985
715.967,269.804
692.362,302.858
726.654,340.8
728.229,330.561
692.318,302.06
717.889,269.908
714.801,270.592
753.808,247.403
697.413,342.019
644.154,336.209
749.918,271.826
681.936,341.029
759.46,320.945
643.598,309.485
762.253,261.531
758.75,317.348
698.142,342.755
679.193,341.032
128.998,476.047
121.35,432.739
119.171,431.58
127.01,433.852
132.333,434.295
129.412,418.071
75.531,407.679
39.1762,429.126
76.4852,405.681
108.457,387.569
42.8205,379.502
42.2127,380.562
42.5319,379.4
135.879,425.384
120.965,462.184
126.807,428.745
62.011,461.691
132.472,466.945
61.9193,463.566
61.5019,466.284
61.2197,467.175
136.289,419.79
44.6783,439.993
127.353,451.763
45.0455,440.867
118.053,459.893
55.1894,457.287
140.804,439.349
62.8717,443.334
141.853,373.883
139.899,437.517
85.9234,433.783
245.907,407.663
241.256,424.277
211.968,429.409
214.736,429.947
213.97,429.883
224.692,435.254
299.204,466.445
288.803,457.899
199.25,422.322
252.295,421.255
233.766,451.981
255.525,412.084
211.773,419.101
235.001,406.836
223.482,439.314
233.274,433.406
269.7,424.367
222.649,439.891
227.942,453.02
224.301,426.685
287.755,443.012
230.82,451.816
228.78,454.054
246.736,435.086
233.621,433.95
239.048,375.31
242.401,444.741
213.775,441.458
252.52,430.065
239.135,375.501
261.845,428.826
250.287,394.046
272.732,416.78
241.858,459.143
212.029,442.196
254.119,393.773
297.775,456.864
242.594,445.303
262.974,432.526
263.19,432.465
378.342,371.77
382.172,361.862
394.709,380.215
386.908,380.468
386.423,380.354
384.929,386.29
337.608,389.167
396.143,387.434
336.971,390.729
377.981,388.818
336.363,391.504
379.723,396.701
452.235,434.916
348.25,391.81
399.09,378.449
364.358,377.082
451.639,432.376
392.06,365.442
364.049,369.432
444.16,435.045
442.416,434.947
473.875,377.559
460.249,429.285
398.821,370.134
448.467,445.127
371.993,380.139
459.966,416.979
467.516,418.456
457.683,442.198
455.069,442.758
357.965,365.869
453.554,451.19
430.905,453.99
523.339,464.356
505.538,431.515
519.859,465.09
505.957,465.053
510.445,445.914
513.594,430.902
505.778,466.65
529.898,459.832
543.137,459.166
515.524,430.935
520.177,466.772
498.277,437.768
514.488,444.501
500.572,473.856
486.437,473.026
487.225,414.534
518.214,431.205
503.909,444.623
516.176,470.485
504.513,445.161
534.593,468.248
540.114,469.219
536.988,426.935
542.664,469.993
538.744,471.622
491.733,455.858
698.649,453.939
699.647,449.442
660.641,452.067
660.764,452.217
709.138,407.972
734.202,406.658
708.771,407.48
742.429,404.841
672.762,458.124
740.76,406.34
737.832,464.506
717.875,416.066
718.806,416.615
739,463.091
730.479,425.301
757.128,390.108
698.298,435.559
673.73,461.507
672.565,462.24
698.946,436.447
656.033,412.358
754.062,396.743
736.924,394.555
722.44,457.032
724.546,396.128
691.381,442.577
699.879,400.888
664.256,440.771
99.88,525.201
116.33,504.56
118.498,504.658
127.188,526.977
144.899,500.871
84.926,536.348
106.436,504.189
78.3019,542.008
111.46,526.976
140.055,530.383
128.609,515.276
139.143,510.772
127.838,515.306
128.886,510.922
113.42,495.207
76.0186,563.041
104.574,532.107
85.3248,545.887
79.6578,550.342
127.607,502.632
80.998,519.346
80.6253,552.427
79.0811,519.947
38.1334,543.171
139.436,511.017
77.8698,563.412
87.6309,525.111
91.9528,540.059
146.979,483.578
91.0761,541.538
154.896,498.192
146.076,547.313
131.946,533.381
101.22,549.09
92.9881,566.956
92.423,574.163
84.8751,560.769
86.9024,546.297
97.4492,538.79
122.915,538.179
163.14,567.483
182.006,501.005
173.163,567.637
185.006,548.886
185.74,549.507
188.35,499.151
180.646,581.19
190.325,500.743
177.79,508.509
178.309,506.25
173.224,568.196
179.72,558.971
193.228,509.64
172.915,524.32
168.127,509.772
180.629,577.35
182.29,522.479
171.767,547.493
185.17,570.732
187.678,586.582
190.875,523.828
173.986,532.7
210.054,508.144
187.086,523.979
202.195,508.903
172.441,546.899
183.518,577.398
195.011,524.075
166.944,546.775
172.859,544.22
168.943,576.939
204.74,508.356
198.926,509.246
219.17,491.416
376.718,576.298
390.634,571.169
356.624,583.209
470.542,549.346
420.561,555.835
409.284,554.813
417.269,549.846
387.621,581.426
458.318,549.161
402.032,544.378
399.344,554.477
446.241,552.084
408.696,555.841
396.198,555.529
404.423,561.777
396.268,553.343
395.011,555.377
437.822,557.952
367.08,522.228
472.461,576.525
327.57,502.973
370.066,559.889
346.111,581.42
416.6,545.053
440.867,547.577
401.728,536.592
473.789,542.547
453.448,545.048
425.151,560.235
462.455,559.629
463.811,560.631
365.762,582.127
414.822,539.878
381.263,568.279
364.413,523.906
378.918,524.479
388.811,555.669
378.837,523.664
380.45,547.196
452.068,555.836
499.75,528.186
542.669,495.373
512.569,496.178
489.346,560.166
489.238,567.558
512.501,496.084
528.561,497.436
535.47,500.085
486.395,533.245
529.22,521.37
491.824,514.081
511.41,545.038
497.513,502.15
497.367,501.205
497.47,502.73
519.123,521.939
522.127,501.312
481.251,569.025
489.28,523.269
508.971,572.318
499.734,576.851
489.073,525.051
611.407,542.947
495.364,521.742
486.941,526.118
504.665,523.156
590.947,549.736
492.478,490.309
583.557,552.607
484.297,575.159
535.368,511.962
542.716,516.967
511.246,523.084
634.814,561.542
513.35,530.947
495.607,534.946
506.04,561.402
561.302,534.752
530.397,490.789
618.316,530.868
763.855,514.124
778.584,491.816
764.098,514.729
779.107,493.337
768.049,517.926
653.24,577.907
777.012,504.041
647.722,552.618
662.608,500.208
