11.3957,111.072
30.2679,37.853
13.4529,42.8414
87.39,48.8996
78.6331,21.0231
83.3985,35.4825
24.6914,102.161
26.2028,21.4638
93.9566,54.0321
290.955,59.2383
294.018,78.1946
295.042,93.8761
375.15,71.6283
373.741,74.2243
375.835,74.7421
364.301,42.9858
372.79,73.084
368.162,41.1767
367.924,39.3226
368.35,43.0829
384.06,59.8038
370.015,40.4351
368.989,34.3781
373.018,57.9063
380.013,35.0284
382.041,47.3392
385.029,65.5799
366.726,37.376
365.997,16.6479
370.505,80.2442
379.028,29.2757
363.771,76.0847
363.896,16.2184
370.759,44.1218
385.996,59.1986
377.009,17.4365
378.04,23.5388
381.06,41.1944
461.963,35.038
383.061,53.6033
386.924,64.8443
386.061,71.8337
386.457,59.0332
459.034,15.9228
456.765,46.8853
383.981,46.7603
364.694,20.3119
380.916,28.3804
368.085,29.3806
366.857,21.2439
378.935,16.8062
395.491,61.1722
598.836,60.8488
602.858,92.0401
588.866,57.3868
596.107,86.0495
590.101,41.3326
600.861,76.7512
598.108,101.369
609.13,114.67
596.846,45.5571
592.14,56.3744
607.104,99.2379
600.086,44.2467
594.819,30.1051
599.133,36.4535
583.973,93.4348
585.007,100.66
585.933,34.8417
604.852,107.137
584.979,20.155
601.099,52.1579
578.97,56.2094
602.081,59.9943
579.991,63.595
617.907,116.562
607.922,38.7489
581.018,71.6089
594.063,71.0619
591.006,64.97
617.036,100.234
605.074,83.66
581.943,78.007
597.066,21.248
588.159,26.7112
605.955,22.9836
576.022,34.5601
583.013,101.032
578.012,64.052
579.009,71.3296
598.049,28.9733
616.504,76.451
750.035,49.7974
747.088,15.1981
748.062,26.6454
755.121,94.6987
763.651,97.7126
764.601,109.718
751.098,60.3027
752.06,72.6104
753.096,82.657
755.092,105.043
752.664,106.642
749.075,37.724
750.651,84.0476
763.951,86.0688
43.1252,237.741
33.7707,235.116
61.0294,132.454
17.0923,125.941
13.1078,136.794
111.641,149.698
213.327,194.257
258.523,211.068
204.291,196.825
255.532,221.98
222.7,193.902
189.961,231.616
220.281,223.422
242.604,221.187
194.644,213.454
253.323,232.574
242.875,222.544
242.753,181.239
197.093,231.865
251.087,207.719
185.758,232.807
230.453,202.17
230.78,202.434
252.472,215.378
191.237,210.519
223.647,201.306
257.302,227.037
234.556,192.889
315.267,180.191
192.898,196.451
210.41,185.376
190.29,210.24
250.022,231.91
193.233,194.617
248.703,224.622
206.901,231.473
239.354,224.948
239.294,222.068
246.002,196.117
183.806,190.183
183.179,191.801
213.854,215.997
230.389,221.621
272.964,236.97
239.898,192.254
386.345,164.632
380.808,163.078
383.552,165.555
391.393,178.792
397.022,191.678
390.224,202.571
390.437,204.167
388.358,203.593
391.797,204.32
385.199,160.848
387.143,160.119
388.309,166.355
384.982,144.974
398.99,207.61
382.811,142.998
382.133,143.389
390.246,234.736
383.91,137.263
393.731,218.382
393.929,219.506
394.975,139.049
378.334,143.538
382.872,129.539
395.887,145.074
385.583,210.282
397.027,153.553
380.836,128.004
399.936,191.272
382.123,139.369
401.229,234.998
471.151,135.947
393.147,208.79
402.196,224.565
393.919,129.919
396.942,138.118
386.059,152.367
473.977,153.943
401.999,189.802
398.065,160.631
398.124,145.342
620.135,200.21
612.918,236.442
602.943,235.52
604.084,146.454
618.096,184.929
614.887,184.32
616.907,200.157
610.9,153.826
608.109,177.073
612.085,206.171
628.016,186.173
608.867,138.633
621.143,208.227
597.97,197.652
629.919,210.25
634.051,233.893
606.081,161.227
612.888,169.517
606.912,191.566
608.921,206.893
622.097,216.052
594.995,175.298
594.509,190.988
629.991,185.704
604.859,177.389
610.085,191.536
607.926,199.29
611.114,130.072
600.891,146.952
603.884,169.214
596.925,189.453
623.059,223.896
609.955,214.162
600.991,220.569
592.971,160.531
628.96,201.857
612.047,138.276
594.968,190.476
619.956,132.197
599.985,213.022
775.626,234.092
774.649,222.603
761.075,173.364
766.577,132.336
771.59,188.485
758.724,173.874
765.981,230.784
770.716,177.901
768.774,229.061
764.334,195.059
765.008,218.821
767.795,217.597
760.298,150.262
764.028,207.482
767.685,143.444
759.272,138.698
768.683,154.523
756.675,151.819
773.825,210.601
758.15,128.626
769.856,165.331
125.95,328.265
127.047,334.256
113.727,341.483
97.5585,351.142
116.806,336.74
137.611,328.737
113.269,328.158
134.307,250.121
112.883,328.838
137.209,328.922
115.247,334.009
133.316,262.816
119.526,257.491
139.595,284.934
129.912,264.507
78.4296,300.75
144.543,286.452
138.026,323.576
145.29,286.775
106.829,340.716
106.226,339.071
142.469,287.144
83.3016,290.591
111.811,277.769
73.9528,263.154
71.8756,262.167
146.551,304.696
110.53,327.259
130.407,348.86
120.966,313.971
113.537,245.828
125.853,304.272
139.714,312.612
150.1,313.722
146.011,248.414
136.544,333.099
127.947,243.887
135.008,350.308
121.008,312.913
85.9058,326.876
172.36,298.436
170.175,311.877
175.579,290.044
169.201,286.919
194.678,301.942
183.182,296.43
179.086,283.614
192.083,293.766
190.925,293.918
181.071,293.972
179.022,300.836
189.095,296.798
197.423,337.409
172.565,349.74
355.263,273.837
368.329,285.364
361.852,290.402
371.129,331.805
388.14,260.074
455.148,263.89
400.848,269.712
453.389,263.368
453.322,262.795
348.886,288.215
374.248,328.812
350.954,288.62
348.501,287.705
347.846,269.383
470.813,352.696
377.896,282.793
373.152,327.632
389.055,246.327
344.957,291.636
388.022,251.68
368.852,321.741
342.052,305.709
389.357,270.597
442.214,265.536
357.865,313.569
404.982,251.093
412.099,261.055
372.277,291.645
374.882,345.071
392.925,249.841
463.103,322.984
463.482,322.423
383.667,261.285
429.114,265.565
428.905,259.188
400.055,244.901
427.167,265.28
429.52,264.33
353.842,299.808
339.641,264.959
617.618,336.408
613.173,306.406
611.123,304.567
514.094,348.377
607.123,306.131
515.213,345.437
535.909,343.15
585.361,339.344
536.297,344.826
535.215,343.081
495.362,248.533
611.345,285.435
614.791,321.69
532.678,346.804
517.791,340.814
611.151,322.312
533.517,343.064
582.781,340.026
615.084,244.982
598.656,273.249
608.033,273.901
574.089,334.747
612.031,295.122
626.168,246.767
602.453,277.57
491.09,259.056
504.986,311.961
548.202,350.618
619,274.919
605.99,273.101
617.899,250.67
637.035,350.306
606.113,259.306
577.92,331.119
607.127,281.259
606.621,281.389
615.852,250.196
609.243,282.933
754.56,291.018
756.76,290.579
772.74,281.607
757.157,291.154
769.893,277.434
763.188,294.031
754.952,327.961
645.772,334.897
771.978,272.145
646.41,331.868
761.347,323.531
762.099,322.971
774.685,246.206
727.903,315.962
767.79,319.458
674.399,326.871
776.843,266.761
688.371,328.763
713.486,315.976
735.032,292.467
688.729,327.285
721.855,315.722
662.147,328.448
769.095,256.654
734.758,292.351
747.242,298.35
641.177,312.084
741.501,293.902
698.923,318.048
743.876,292.173
779.508,269.082
648.289,328.454
697.26,314.771
659.914,340.166
775.005,264.635
689.86,308.947
128.843,433.67
133.42,423.89
123.968,420.993
107.371,444.179
136.183,449.292
129.032,451.298
128.783,454.002
84.7673,453.797
118.678,455.042
131.296,459.306
84.2204,455.903
83.9971,456.308
148.302,449.754
143.217,417.752
152.282,415.075
152.407,439.873
96.0435,456.928
113.646,432.106
144.134,426.291
87.5607,420.391
145.38,428.582
100.862,417.55
141.314,454.622
95.0286,415.639
102.741,408.717
122.75,443.115
142.765,419.947
152.249,405.957
110.912,418.415
150.994,430.526
88.69,458.61
107.449,428.439
147.409,398.091
219.133,407.991
231.031,435.468
243.454,474.078
230.867,434.904
226.801,365.514
234.487,429.73
224.517,413.667
206.486,421.516
215.533,412.573
193.392,396.912
251.741,469.187
275.048,471.889
192.52,393.328
196.651,393.047
240.356,461.025
305.762,464.517
255.929,472.462
228.617,465.527
229.14,381.891
202.983,409.304
235.596,458.677
263.008,422.951
230.699,381.607
210.281,400.978
235.976,457.425
166.972,412.866
262.836,424.664
209.65,408.996
227.833,464.813
457.905,457.698
467.134,466.372
466.271,465.284
409.212,463.854
374.638,399.325
368.791,385.957
364.666,392.994
365.266,393.35
393.473,456.48
414.063,454.818
413.669,454.385
437.421,453.138
434.413,474.245
373.63,447.968
374.447,447.867
437.908,453.095
406.9,452.192
412.743,457.899
368.704,391.029
463.44,444.26
456.454,472.514
385.601,474.595
339.156,459.28
474.849,389.289
370.209,472.042
418.496,458.967
431.698,472.115
374.649,463.841
351.891,402.277
476.955,380.583
388.155,404.337
354.18,402.824
353.136,458.889
410.267,471.932
346.54,398.899
378.992,390.728
364.432,474.363
425.054,442.616
399.961,387.998
449.026,392.584
630.13,426.682
536.547,457.983
635.108,442.397
537.02,459.001
614.978,453.69
567.603,446.717
587.711,471.561
568.468,449.94
568.565,452.284
568.648,446.606
481.34,455.345
594.878,468.761
600.783,464.305
614.935,442.504
584.602,427.821
568.083,441.497
555.773,457.102
567.035,471.635
553.438,453.051
552.578,452.435
551.429,467.543
606.94,453.543
570.934,468.444
554.335,468.176
556.137,442.386
579.461,462.667
551.185,467.515
591.147,455.707
577.065,447.964
615.534,442.992
599.215,416.87
585.033,447.47
621.28,364.714
597.582,452.231
552.211,472.194
625.336,413.109
609.892,434.533
554.99,441.388
628.188,437.113
614.751,410.563
642.711,451.914
659.879,477.231
661.914,475.527
650.309,434.099
682.641,456.02
682.073,455.388
693.453,455.468
704.535,453.05
703.942,453.521
659.914,447.703
647.929,443.102
652.166,475.581
659.132,452.175
768.57,477.184
39.6963,540.989
27.5478,532.215
26.5909,515.674
54.5949,537.74
54.438,550.693
36.4348,520.493
35.126,530.793
55.5933,547.727
37.9937,530.548
71.3527,578.146
74.328,577.343
77.0223,560.068
37.7228,530.039
72.8518,560.036
52.7531,521.54
22.1292,501.129
67.5466,560.823
38.0027,513.822
46.302,494.266
48.4994,494.871
51.8721,520.51
43.7645,549.19
65.8145,539.23
268.935,557.05
299.564,554.308
268.786,556.873
285.15,557.32
280.216,523.274
207.154,496.904
261.879,490.642
286.089,581.942
292.56,559.487
276.134,524.829
264.625,543.433
247.86,577.12
265.166,543.238
253.386,564.922
261.961,526.961
267.208,505.069
270.019,489.438
275.673,583.374
303.181,521.691
271.952,489.662
199.162,497.732
299.746,516.449
251.56,584.707
196.938,497.205
264.165,513.043
262.253,525.204
279.253,561.695
271.14,503.159
256.739,561.876
260.965,585.914
247.793,551.297
215.25,490.969
276.26,524.816
232.152,577.065
236.094,521.875
232.648,578.431
242.403,534.821
255.94,534.241
277.528,527.836
265.22,547.223
449.036,503.201
448.884,503.336
449.49,499.263
412.913,503.389
413.035,503.508
424.552,508.924
424.514,507.263
432.122,517.577
431.917,520.958
425.541,512.225
374.164,584.968
430.481,532.146
424.658,512.689
344.934,578.719
417.104,491.82
560.735,551.888
563.293,560.031
553.552,485.041
525.472,530.086
527.807,502.339
523.854,536.037
543.536,492.457
509.458,557.982
527.226,506.132
536.877,514.755
541.579,573.041
550.577,558.42
538.35,502.673
550.508,512.681
582.494,560.729
580.168,557.104
570.694,547.496
580.912,559.857
520.173,521.227
522.069,523.19
574.217,486.554
588.73,572.553
584.532,575.941
576.165,487.718
521.409,547.042
599.278,506.66
537.673,530.324
560.854,490.359
523.805,481.824
534.399,549.111
654.539,490.934
654.607,493.184
777.857,504.637
712.51,491.703
669.777,513.454
662.172,483.29
663.891,488.219
662.851,486.289
663.884,503.905
743.593,493.754
664.666,551.802
669.288,570.152
777.631,495.031
766.164,501.303
