386.271,19.1366,111.178,18.6777
386.141,106.651,117.85,109.44
379.929,35.0516,105.533,35.2159
375.119,34.7131,100.291,34.8786
385.974,26.1416,111.403,25.9483
586.456,74.9887,320.313,73.9162
585.266,75.0357,319.161,73.9777
591.353,40.9603,322.617,40.4018
587.12,40.6321,318.486,40.0968
524.968,32.7035,256.544,32.4309
585.162,44.157,316.837,43.5767
595.605,40.9458,326.733,40.3694
524.143,83.9719,259.495,83.7087
586.289,41.7567,317.759,41.2076
523.036,112.173,260.463,111.918
524.972,58.2097,258.427,57.9416
532.151,86.6854,267.686,86.2918
526.408,84.6192,261.792,84.3208
585.31,57.2902,317.926,56.5082
584.161,97.7248,319.721,96.3255
589.721,52.1008,321.835,51.3674
516.817,71.9496,251.261,71.78
515.62,99.2043,252.071,99.0999
517.565,44.2433,249.966,44.0128
521.294,111.98,258.703,111.765
513.36,98.9395,249.776,98.8788
515.973,72.0003,250.416,71.8413
517.5,69.4471,251.764,69.2649
513.492,99.2984,249.936,99.2359
583.155,95.3741,318.574,94.0302
534.306,34.7601,266.023,34.4632
518.684,73.9643,253.288,73.774
515.214,41.9157,247.426,41.6912
508.875,97.3574,245.136,97.3791
530.113,57.6517,263.514,57.3397
515.491,42.8564,247.775,42.6331
506.462,66.942,240.442,66.8793
589.303,84.0303,323.725,82.7693
514.387,69.484,248.632,69.3387
510.67,40.5069,242.736,40.2981
591.808,64.7651,324.768,63.8008
518.773,66.4112,252.82,66.2098
529.7,32.9683,261.285,32.6859
536.354,61.4485,270.022,61.0706
367.169,131.358,99.2205,135.606
389.422,223.95,130.481,230.665
360.887,162.728,94.8685,168.497
380.942,164.87,116.75,169.937
367.196,222.496,106.401,230.394
367.028,145.877,100.222,150.723
360.706,233.536,100.226,242.248
359.646,221.97,98.165,230.268
366.835,127.361,98.5614,131.454
378.883,189.426,116.441,195.477
589.086,169.507,329.652,166.742
592.403,167.787,332.733,164.934
583.965,172.147,324.884,169.523
584.491,184.309,326.267,181.453
598.429,207.003,341.344,203.108
592.045,234.799,337.187,230.636
591.875,212.084,335.397,208.387
578.158,199.82,321.239,196.97
522.042,141.139,261.601,140.889
588.091,212.56,331.778,209.032
512.746,209.483,257.327,209.576
576.099,200.561,319.291,197.79
513.687,180.421,256.127,180.461
522.276,196.677,265.905,196.338
587.964,198.869,330.674,195.604
515.698,154.854,256.26,154.806
512.36,182.849,254.972,182.945
580.862,231.665,326.154,228.147
511.844,234.136,258.241,234.279
568.591,202.717,312.132,200.25
510.039,232.283,256.291,232.524
593.206,228.873,337.882,224.771
532.461,174.54,274.439,173.845
528.152,198.633,271.917,198.025
523.424,141.987,263.029,141.694
530.288,144.474,270.071,143.964
511.357,153.137,251.767,153.234
583.171,121.132,320.444,119.38
504.894,207.315,249.263,207.783
511.355,153.334,251.78,153.431
576.907,189.487,319.279,186.856
579.893,225.964,324.805,222.595
506.777,151.589,247.036,151.836
512.112,177.521,254.329,177.623
578.851,216.763,323.132,213.601
590.67,190.263,332.671,187.046
574.446,189.939,316.917,187.403
578.908,232.13,324.293,228.706
589.578,225.072,334.111,221.23
577.969,226.353,322.966,223.075
757.301,208.876,488.156,197.913
670.338,172.819,406.828,167.028
751.144,197.256,481.894,187.228
666.253,174.679,403.18,168.965
662.216,182.701,399.993,176.841
768.71,186.608,496.767,176.538
281.489,279.123,15.8566,295.48
277.294,351.926,16.9891,373.176
313.654,272.305,51.4785,285.91
283.7,278.1,18.2805,294.228
283.711,277.618,18.2539,293.715
304.618,274.862,41.5858,289.259
305.79,276.621,43.039,291.03
302.992,274.626,39.7446,289.128
273.405,274.189,6.26523,290.833
297.179,286.983,34.2099,302.623
268.639,276.25,0.994385,293.383
360.826,278.65,103.891,289.169
353.972,268.067,95.5999,278.636
388.544,335.603,138.187,345.945
393.123,275.535,138.432,283.665
396.31,274.728,141.77,282.612
360.637,341.023,108.567,354.0
372.13,292.824,117.211,303.051
371.905,293.689,117.036,303.964
390.14,287.594,136.178,296.312
360.167,355.967,109.227,369.561
381.179,341.258,130.714,352.42
386.298,349.942,136.895,360.928
354.347,309.503,99.2618,321.761
491.868,343.214,246.182,344.907
494.096,343.195,248.433,344.702
508.618,335.799,262.505,336.105
505.964,333.514,259.673,334.036
494.458,343.655,248.833,345.133
607.447,288.811,355.814,282.511
508.515,297.722,259.592,298.064
509.061,326.7,262.278,326.981
507.577,294.808,258.435,295.216
617.007,275.978,364.01,269.404
601.622,268.208,348.776,262.774
599.335,268.13,346.578,262.836
555.057,336.329,308.567,332.911
514.792,303.949,266.333,303.831
555.847,334.815,309.231,331.354
517.953,316.631,270.408,316.244
508.71,323.941,261.723,324.252
508.203,312.472,260.368,312.83
509.695,312.447,261.863,312.693
516.997,281.003,266.85,280.781
544.816,324.537,297.655,322.053
514.407,321.499,267.24,321.371
574.429,330.299,327.01,325.46
571.178,331.28,323.925,326.675
601.0,278.396,348.906,272.763
488.347,287.216,238.452,288.948
591.87,268.113,339.403,263.273
513.376,318.419,265.982,318.377
517.298,325.594,270.413,325.229
517.912,254.305,265.8,254.081
571.371,331.74,324.146,327.112
601.954,297.798,351.202,291.643
518.587,326.354,271.756,325.886
540.543,322.52,293.295,320.382
643.57,284.873,389.714,276.362
644.075,271.947,389.281,263.842
669.442,317.923,416.118,306.45
648.03,281.897,393.683,273.208
693.766,292.012,436.565,280.026
693.743,292.085,436.549,280.097
714.215,292.327,455.189,279.034
704.309,298.812,446.646,285.829
667.159,257.455,409.766,248.535
646.956,278.83,392.463,270.314
648.991,276.606,394.212,268.042
647.475,272.758,392.523,264.42
659.154,342.929,408.287,331.219
689.494,295.088,432.867,283.235
746.288,297.22,484.321,281.64
690.573,290.685,433.552,278.962
748.013,357.471,489.923,338.215
719.453,305.814,460.844,291.488
733.306,340.682,475.668,323.503
662.714,339.835,411.376,327.974
699.252,310.838,442.868,297.611
698.148,291.168,440.509,278.944
719.334,318.16,461.578,303.196
673.116,284.853,417.207,274.485
659.492,340.741,408.449,329.09
703.666,309.958,446.826,296.475
713.195,304.584,455.103,290.734
675.133,283.654,418.963,273.208
707.535,300.622,449.701,287.341
262.447,389.757,3.10556,414.936
315.125,458.567,67.3385,481.433
297.024,470.631,48.0491,496.393
279.559,371.929,21.1744,394.186
281.595,370.299,23.3471,392.249
304.971,477.938,57.4331,503.034
267.267,424.584,11.1766,451.42
304.062,373.021,48.824,392.851
302.283,377.0,47.1449,397.225
289.721,379.848,33.2715,401.527
372.264,395.54,125.322,409.371
359.125,460.995,115.661,478.52
374.648,398.118,128.073,411.786
388.608,369.665,140.889,381.042
342.401,475.344,98.4913,495.486
365.132,398.524,117.849,413.201
377.955,470.19,136.548,485.688
362.221,393.373,114.317,408.167
392.195,360.872,144.035,371.649
346.156,373.076,95.323,388.703
330.729,448.988,83.8777,469.507
467.905,365.724,223.477,369.641
347.935,371.876,97.1703,387.277
329.859,370.235,77.2236,387.346
327.9,370.974,75.1227,388.314
377.165,460.123,135.015,475.423
379.054,385.993,131.905,398.816
338.774,467.281,93.9701,487.565
356.101,447.59,111.463,465.009
403.987,368.355,157.136,378.234
452.312,361.54,207.135,366.822
355.821,471.41,112.804,489.708
344.003,454.702,98.8043,473.843
372.454,424.73,127.539,439.489
354.726,469.472,111.484,487.839
425.173,369.904,179.558,377.824
373.407,423.926,128.508,438.553
328.852,470.609,83.328,492.285
326.133,469.811,80.282,491.799
349.445,467.734,105.632,486.698
401.063,378.089,154.778,388.503
392.871,366.825,145.215,377.713
349.575,443.969,104.128,462.029
364.253,468.08,121.686,485.212
486.762,378.005,243.588,380.268
495.762,373.68,252.375,375.103
498.346,372.575,254.898,373.761
497.839,372.935,254.414,374.167
615.12,464.513,374.848,452.586
614.691,467.561,374.628,455.584
635.293,454.768,393.253,441.029
493.791,364.617,249.714,366.201
631.731,391.37,386.02,380.203
515.169,465.199,277.867,464.348
516.043,466.347,278.81,465.389
634.333,430.9,390.912,418.119
632.425,389.495,386.559,378.33
632.127,453.98,390.236,440.601
649.324,457.988,406.547,442.658
778.914,474.124,524.244,444.524
706.037,397.117,454.95,379.121
658.344,463.392,415.243,446.892
660.47,464.917,417.301,448.128
669.257,454.122,424.771,436.888
669.008,454.13,424.542,436.921
648.132,463.51,405.769,448.085
710.912,383.984,458.465,366.24
668.663,451.698,424.079,434.633
769.406,446.664,514.371,419.895
770.116,446.743,514.998,419.901
700.953,416.939,451.565,398.389
712.149,382.734,459.497,364.951
772.719,446.483,517.264,419.408
312.553,502.346,67.5755,527.59
289.35,511.211,42.3456,540.131
312.206,481.921,65.7508,506.259
282.573,485.301,32.8775,513.758
277.195,495.274,27.5262,525.023
291.389,502.255,43.9929,530.419
289.114,506.156,41.7205,534.842
277.005,495.222,27.3078,524.994
291.968,500.296,44.5019,528.277
305.589,492.286,59.1362,518.001
277.302,513.259,28.9376,544.006
296.451,498.002,49.3544,525.247
277.188,500.116,27.8658,530.14
278.2,517.644,30.2653,548.506
318.075,486.548,72.5715,510.324
281.605,495.084,32.4875,524.214
258.619,497.51,6.59937,529.974
260.567,512.799,9.92749,545.925
255.915,498.015,3.54843,530.89
290.363,488.29,41.8473,515.858
265.733,519.706,16.3027,552.497
275.724,489.651,25.4601,519.282
287.604,480.609,38.202,508.135
308.735,487.219,62.274,512.268
304.887,497.895,58.7523,523.978
341.345,486.619,98.1229,507.334
368.031,487.136,127.062,504.401
326.04,496.124,82.0226,519.257
381.793,513.11,143.574,529.309
383.697,511.506,145.494,527.405
333.44,485.596,89.4093,507.306
324.666,483.766,79.6451,506.55
351.244,490.332,109.15,509.889
405.762,493.619,167.664,506.196
374.66,526.164,136.843,543.701
462.405,522.9,228.374,528.475
463.09,523.765,229.131,529.253
416.299,494.541,178.796,505.787
405.673,493.163,167.539,505.742
373.914,527.998,136.17,545.691
461.452,521.056,227.28,526.747
376.894,516.309,138.56,533.261
427.346,492.28,190.186,502.084
384.753,484.454,144.78,499.497
426.76,492.692,189.603,502.576
432.565,521.36,197.546,530.89
359.398,486.194,117.692,504.544
374.158,510.799,135.256,527.966
376.891,519.372,138.766,536.41
361.714,486.022,120.181,504.067
386.481,532.37,149.875,548.42
428.206,531.287,193.676,541.538
592.943,523.988,357.401,512.849
609.73,547.718,374.814,533.738
505.132,564.501,274.207,564.212
506.531,549.475,274.642,549.102
506.604,549.099,274.691,548.719
542.4,554.913,310.44,549.62
610.477,547.92,375.533,533.838
495.666,551.938,263.93,553.036
598.533,575.926,365.913,562.531
539.83,525.508,306.07,521.014
625.07,533.446,388.414,518.02
581.929,526.677,347.017,516.838
518.703,560.284,287.434,558.149
561.778,543.341,328.6,535.693
552.224,559.453,320.319,552.753
589.124,533.622,354.342,522.694
518.378,559.895,287.088,557.809
530.508,538.411,297.716,534.944
606.964,517.647,370.36,504.977
527.407,549.324,295.348,546.131
544.814,541.609,311.967,536.215
485.23,547.346,253.136,549.889
625.709,545.805,389.762,529.85
622.441,534.273,385.992,519.145
497.708,522.312,264.074,523.266
609.033,528.556,372.987,515.286
515.9,541.148,283.436,539.584
482.298,520.525,248.439,523.485
588.636,515.846,352.781,505.461
592.153,542.241,357.767,530.687
739.94,525.23,492.851,496.462
755.935,562.923,509.144,529.797
731.379,531.271,485.582,503.125
731.173,531.311,485.4,503.187
703.313,561.086,462.128,534.618
774.036,503.791,521.662,472.625
772.557,504.975,520.436,473.888
720.914,517.805,475.449,491.676
753.164,528.462,504.739,497.96
645.684,494.826,405.368,478.42
676.772,577.757,438.987,553.827
771.243,580.942,523.585,544.662
761.009,537.281,512.147,505.279
713.753,529.084,469.674,503.138
764.108,529.97,514.452,498.106
662.786,542.308,424.047,521.844
708.146,541.325,465.338,515.359
