270.313,67.2112,1.72333,43.2941
311.033,100.321,48.2976,81.0525
309.962,84.9495,46.9612,64.6752
310.027,86.5645,47.0482,66.3938
307.971,85.3909,44.7266,65.0284
316.567,45.3746,54.029,23.0972
306.488,70.1608,42.9247,48.7528
308.942,100.816,45.9527,81.4659
308.972,69.0648,45.7103,47.7436
306.921,70.0859,43.4116,48.7002
321.583,51.2805,59.6903,29.7003
403.612,46.4421,149.257,30.1028
407.483,43.3719,153.346,27.1771
402.906,45.6726,148.497,29.2592
324.943,64.0184,63.5482,43.4037
323.371,82.5939,61.9533,62.9595
766.095,29.5135,501.267,35.7392
771.671,29.032,506.17,35.6057
773.851,26.9389,508.077,33.7583
765.546,34.5152,500.802,40.4307
757.233,29.9042,493.446,35.5977
782.227,21.5504,515.393,29.1742
760.268,20.7837,496.095,27.1481
759.524,40.4908,495.511,45.7412
770.837,40.0751,505.477,45.9718
759.94,10.9586,495.769,17.8354
787.505,13.5265,519.971,21.9467
312.923,128.455,50.6617,110.987
272.289,200.845,5.21793,186.674
274.389,174.05,7.37686,158.047
314.94,148.768,53.0972,132.598
313.961,139.203,51.9181,122.425
310.945,129.433,48.4511,111.935
270.324,147.734,2.47824,129.702
312.0,139.558,49.7225,122.718
332.951,207.317,73.6583,194.981
334.874,207.031,75.7858,194.723
327.845,181.474,67.7739,167.614
326.8,166.944,66.4891,152.25
326.822,164.964,66.4968,150.161
338.624,204.783,79.9141,192.443
328.862,166.452,68.7773,151.801
325.159,166.979,64.6632,152.231
327.896,172.535,67.7551,158.186
331.082,193.902,71.4733,180.807
328.792,163.331,68.6732,148.506
336.294,212.031,77.3988,200.014
329.793,172.452,69.8621,158.16
339.39,231.642,80.9831,220.685
332.723,211.76,73.4428,199.654
407.059,166.362,153.82,154.308
338.056,234.214,79.5312,223.368
323.965,130.654,63.0246,113.811
332.588,188.132,73.0951,174.768
323.917,129.273,62.9594,112.349
325.945,150.822,65.4011,135.199
331.018,183.242,71.3127,169.572
332.129,188.617,72.5902,175.267
327.063,141.84,66.5692,125.76
337.107,220.754,78.3705,209.203
337.128,230.501,78.4749,219.451
338.021,225.376,79.4191,214.078
408.668,199.155,155.779,188.204
525.574,139.438,275.936,131.083
488.205,197.653,238.542,188.506
514.357,163.234,264.824,154.557
523.941,195.143,274.651,186.81
524.57,194.81,275.278,186.491
524.855,163.02,275.364,154.674
524.164,189.651,274.839,181.317
535.409,162.169,285.899,154.157
492.025,155.907,242.16,146.445
551.277,177.325,301.729,169.728
705.95,226.932,448.314,221.122
653.919,198.191,400.441,192.654
654.322,197.311,400.811,191.81
738.108,187.93,477.058,184.539
753.86,232.639,491.217,227.089
707.683,209.86,449.813,204.839
732.436,174.41,471.941,171.578
667.906,215.687,413.479,209.806
749.781,207.976,487.513,203.737
701.977,205.159,444.622,200.249
703.136,217.049,445.723,211.639
732.0,182.516,471.582,179.267
734.271,156.798,473.512,154.899
750.321,206.397,487.986,202.253
654.364,157.478,400.668,153.233
743.428,232.587,481.966,226.928
757.894,232.562,494.781,227.059
662.374,206.688,408.324,201.028
659.691,169.185,405.669,164.716
719.067,224.187,460.145,218.668
654.549,164.221,400.871,159.77
672.173,206.49,417.373,201.008
751.246,203.091,488.793,199.145
753.672,199.909,490.929,196.182
737.352,195.982,476.415,192.159
751.147,203.323,488.706,199.362
669.375,183.164,414.69,178.46
737.841,231.494,476.988,225.833
725.002,185.078,465.322,181.547
308.558,333.006,47.5367,327.503
270.712,311.803,4.42618,305.366
270.249,315.594,3.93051,309.422
383.532,269.859,129.435,261.009
382.515,271.951,128.355,263.176
381.598,273.615,127.379,264.899
380.773,274.647,126.497,265.968
355.609,282.4,99.2213,273.997
363.714,269.189,107.961,260.226
389.815,263.986,136.149,254.953
351.147,291.448,94.409,283.46
349.177,273.152,92.0986,264.311
326.242,325.155,67.2065,318.996
349.815,300.882,93.0252,293.334
414.579,306.362,162.833,298.672
415.158,305.432,163.509,297.728
486.944,339.164,238.199,331.322
489.71,338.18,241.01,330.291
567.219,284.765,318.04,276.457
484.074,281.766,234.887,273.422
565.527,315.115,316.562,306.462
554.349,333.98,305.698,325.243
748.26,345.251,486.682,333.378
748.149,346.921,486.59,334.955
698.59,303.056,441.955,293.839
744.872,332.844,483.631,321.713
659.298,354.145,406.142,343.363
690.638,318.404,434.782,308.582
695.728,306.135,439.366,296.8
663.973,348.134,410.438,337.487
698.715,307.705,442.088,298.281
746.035,327.618,484.643,316.764
663.538,343.305,410.015,332.841
742.054,340.187,481.156,328.689
745.191,322.591,483.875,312.025
279.323,465.036,14.8986,468.28
405.61,478.328,153.615,475.43
405.922,442.847,154.048,439.05
405.65,442.97,153.759,439.188
394.06,453.703,141.383,450.731
374.936,453.569,120.845,451.491
392.275,440.963,139.509,437.707
415.005,446.944,163.657,442.846
454.085,378.941,204.689,372.229
468.418,478.59,219.195,472.412
388.879,418.768,135.933,414.987
382.675,380.449,129.314,375.634
384.94,378.245,131.755,373.298
384.071,379.984,130.816,375.117
390.749,417.4,137.94,413.509
386.679,378.48,133.622,373.495
462.625,467.108,213.276,461.121
391.81,418.956,139.072,415.072
405.739,448.397,153.838,444.748
450.565,398.568,201.043,392.246
425.123,436.029,174.353,431.265
424.52,437.199,173.716,432.483
404.173,448.813,152.173,445.245
452.675,397.204,203.235,390.798
521.191,472.915,272.675,464.092
607.0,462.017,356.61,449.41
524.643,444.721,276.237,435.912
504.494,463.5,255.956,455.506
504.021,462.446,255.483,454.475
594.306,458.558,344.446,446.592
583.958,444.965,334.522,433.737
505.673,455.233,257.176,447.197
595.558,459.666,345.646,447.619
600.512,455.167,350.427,443.019
514.269,419.557,265.96,411.258
513.683,419.825,265.37,411.546
516.137,419.354,267.834,410.991
756.847,454.992,494.68,436.478
749.014,430.806,487.672,414.018
780.747,448.66,515.6,429.595
752.382,443.314,490.696,425.671
692.017,374.184,436.276,361.935
744.396,384.774,483.406,370.752
739.661,396.315,479.243,381.773
737.407,398.309,477.245,383.719
658.697,461.195,405.421,446.382
735.238,401.614,475.326,386.905
657.659,461.693,404.451,446.905
775.522,459.799,511.081,440.219
764.142,449.588,501.078,431.112
740.757,393.425,480.207,379.013
741.103,437.879,480.684,420.973
743.872,394.264,482.977,379.722
747.166,448.065,486.101,430.346
689.981,364.152,434.378,352.382
741.247,387.725,480.62,373.617
668.089,467.817,414.117,452.328
760.291,464.82,497.735,445.563
764.404,441.468,501.279,423.482
695.567,367.784,439.479,355.739
274.231,564.117,8.97058,573.649
274.717,548.973,9.54407,557.563
274.714,548.592,9.54114,557.159
310.519,549.564,49.9155,555.43
306.716,520.653,45.7143,525.34
306.341,520.901,45.2941,525.626
287.897,558.315,24.4851,566.407
287.422,557.854,23.9487,565.958
295.265,545.808,32.8172,552.641
297.682,534.479,35.5552,540.524
283.132,539.38,19.1185,546.767
406.526,566.715,154.332,565.828
374.921,533.784,120.626,534.323
357.379,513.054,101.665,514.052
424.157,569.703,172.927,567.515
375.552,534.025,121.306,534.528
360.791,575.778,105.229,578.776
365.965,562.599,110.874,564.736
406.487,579.129,154.255,578.52
366.278,561.995,111.214,564.088
405.6,579.336,153.314,578.803
462.573,534.641,212.988,529.249
391.323,587.067,138.095,587.891
354.169,522.376,98.1447,523.933
405.585,534.579,153.427,533.028
387.965,577.712,134.528,578.563
439.318,553.674,188.838,550.103
419.174,577.144,167.665,575.481
343.169,517.151,86.1214,519.233
370.65,504.761,116.086,504.633
390.169,530.4,137.014,529.793
379.183,579.862,125.099,581.488
438.803,565.507,188.263,562.136
365.005,584.267,109.781,587.205
390.41,530.611,137.271,529.994
459.247,509.176,209.648,503.771
357.836,530.808,102.121,532.429
383.825,571.005,130.109,572.001
372.69,514.786,118.266,514.862
469.522,502.786,220.242,496.725
457.176,516.816,207.485,511.611
475.66,491.791,226.57,485.316
379.996,573.125,125.991,574.487
492.762,496.465,243.969,489.063
528.096,555.047,279.224,545.19
544.848,558.992,295.801,547.924
509.022,529.598,260.254,521.179
550.794,571.819,301.601,560.14
538.385,560.827,289.408,550.189
486.663,564.831,237.522,557.892
518.286,564.59,269.401,555.349
535.568,556.836,286.635,546.442
563.972,573.609,314.506,560.94
504.364,497.982,255.69,489.935
546.074,550.833,297.045,539.793
563.707,573.738,314.246,561.086
574.678,508.631,325.228,496.537
594.266,515.31,344.139,501.954
512.402,504.931,263.746,496.41
528.84,539.133,280.029,529.374
520.856,506.165,272.205,497.154
523.656,544.108,274.846,534.649
556.835,557.865,307.593,545.982
498.521,512.088,249.739,504.356
542.945,531.382,294.041,520.804
664.418,556.884,410.234,537.811
762.842,583.121,499.272,556.053
754.348,521.074,492.119,498.54
