291.856,118.369,2.06448,130.329
314.239,118.13,27.4158,129.115
318.2,117.054,31.77,127.809
310.755,118.056,23.4803,129.185
345.176,113.861,61.558,123.331
435.134,116.981,158.97,122.966
322.092,114.156,35.8636,124.584
428.101,112.515,151.143,118.664
325.893,112.175,39.9337,122.338
322.061,115.136,35.9221,125.621
329.615,110.493,43.9355,120.414
333.49,108.491,48.0692,118.152
333.518,111.491,48.3848,121.309
457.047,13.9506,172.549,17.1871
344.248,20.1858,51.6691,24.9417
422.633,24.9672,137.329,28.8749
388.581,11.53,99.4853,15.3937
321.009,19.1521,25.5746,24.1485
366.334,21.0036,76.1363,25.5142
400.081,24.0708,113.112,28.257
433.736,23.2629,148.94,26.9765
422.572,24.5842,137.229,28.4817
377.162,23.2234,88.1764,27.6908
408.407,113.079,130.262,120.005
332.834,21.5388,39.0753,26.5161
411.082,22.7951,124.804,26.7914
468.512,26.6527,185.664,29.9684
377.37,22.2987,88.3164,26.7246
355.377,22.4066,64.2085,27.127
411.764,12.5245,124.553,16.1887
434.441,13.1121,148.725,16.5622
445.232,25.5582,161.268,29.1724
366.518,10.7825,75.3461,14.8351
376.853,25.764,88.0933,30.339
445.334,23.8636,161.218,27.4389
399.837,23.0633,112.756,27.2171
355.625,22.4139,64.4829,27.1313
355.119,24.6398,64.1422,29.4702
458.846,25.3273,175.494,28.7518
422.454,27.5566,137.386,31.5399
399.961,26.5641,113.223,30.8382
455.924,23.3813,172.255,26.8098
373.038,75.0329,88.5294,81.764
468.745,29.5355,186.175,32.892
483.753,118.135,209.59,122.239
487.485,116.112,213.232,120.053
592.945,19.2473,309.8,21.0374
512.409,28.09,230.776,30.8131
512.58,27.1974,230.87,29.9145
591.533,19.2305,308.428,21.0363
569.984,28.6714,288.236,30.6026
535.265,28.8958,253.83,31.3059
557.993,29.795,276.523,31.8801
535.107,27.5686,253.556,29.9837
614.571,30.296,331.643,31.5912
580.898,30.7845,299.106,32.5374
615.793,20.0003,331.901,21.5237
490.788,27.6542,208.715,30.6744
569.809,18.4807,287.146,20.5348
626.175,32.6206,342.938,33.6969
501.649,26.1094,219.67,28.9686
580.609,29.7233,298.732,31.4954
557.813,27.933,276.178,30.0367
614.471,20.0094,330.634,21.547
546.901,15.234,264.268,17.5471
511.979,30.6247,230.574,33.3622
625.932,31.6037,342.62,32.7097
603.577,31.7581,321.196,33.1745
502.455,15.7845,219.537,18.5694
615.257,17.9074,331.259,19.475
637.823,31.1677,353.882,32.1215
569.787,16.124,286.967,18.1953
636.169,31.2602,352.324,32.2338
602.959,29.5622,320.406,31.0322
535.077,31.619,253.881,34.026
524.306,16.8023,241.753,19.3578
557.883,32.6165,276.67,34.6783
496.389,110.692,221.84,114.259
580.653,33.5561,299.116,35.2714
542.793,81.0438,265.903,83.1065
603.534,34.5001,321.399,35.86
505.054,112.971,230.847,116.232
544.552,82.5314,267.8,84.534
581.501,15.8596,298.409,17.8158
680.061,86.992,398.084,85.1475
657.782,33.4001,372.884,34.0048
692.88,34.0932,405.543,34.1777
692.874,34.9665,405.609,35.014
647.563,33.4363,363.28,34.1851
760.754,35.9866,467.018,35.0378
738.827,36.7298,447.467,36.051
760.384,37.5309,466.814,36.4963
738.445,35.6224,447.034,35.0085
716.094,35.76,426.825,35.4571
772.041,34.8418,476.937,33.8056
715.432,33.6871,426.052,33.4934
661.071,84.4089,380.24,83.1718
749.458,34.0033,456.782,33.3256
670.746,34.295,385.073,34.6835
726.637,33.2262,436.184,32.9015
776.862,93.0872,485.865,88.2952
727.865,18.4904,436.092,18.9004
670.399,35.734,384.871,36.0739
715.94,37.5144,426.828,37.129
750.921,17.8924,456.785,18.1054
670.278,33.3353,384.557,33.7661
716.203,38.6472,427.16,38.203
772.565,31.9169,477.165,31.0542
759.023,21.1183,464.277,21.0638
301.059,123.981,13.0755,135.895
297.282,123.829,8.77051,135.902
304.759,123.884,17.2602,135.627
312.242,123.052,25.6356,134.413
308.441,123.712,21.4084,135.281
295.8,127.382,7.42654,139.748
293.656,123.705,4.63107,135.932
289.977,122.835,0.350494,135.17
316.016,122.18,29.803,133.325
300.962,131.872,13.7233,144.282
313.648,126.334,27.5338,137.826
317.289,125.724,31.573,137.017
391.965,207.191,121.315,218.035
354.265,198.066,79.5022,211.027
393.665,205.445,122.98,216.119
400.738,201.033,130.156,211.104
408.282,190.991,137.289,200.284
405.242,137.601,129.134,145.429
357.268,143.097,77.6429,153.41
351.674,135.63,70.7864,145.866
414.613,124.491,137.93,131.509
412.508,124.58,135.695,131.689
419.114,122.172,142.503,128.937
459.104,129.943,185.211,135.204
396.978,171.046,123.362,180.375
462.823,129.797,189.057,134.898
455.335,129.754,181.275,135.172
451.699,129.522,177.466,135.091
470.255,128.992,196.674,133.768
453.784,133.372,179.987,138.921
461.008,125.109,186.753,130.212
361.425,177.957,85.4679,189.588
449.838,124.341,175.055,129.89
448.03,128.842,173.574,134.554
473.984,127.973,200.429,132.579
457.122,124.898,182.697,130.157
369.924,186.579,95.543,198.063
443.036,131.628,168.601,137.611
383.291,188.477,110.204,199.218
374.863,169.121,99.2712,179.618
464.98,124.601,190.825,129.533
373.603,169.374,97.925,179.952
476.164,122.719,202.203,127.172
377.121,173.241,102.107,183.772
445.997,123.505,170.965,129.195
468.617,124.005,194.534,128.78
472.228,124.071,198.269,128.7
378.028,204.22,105.97,215.882
453.708,124.563,179.112,129.957
458.955,137.788,185.764,143.185
432.957,230.843,167.007,239.522
471.651,132.361,198.417,137.122
498.825,127.973,225.854,131.552
497.579,128.534,224.636,132.168
514.17,148.02,243.158,150.998
507.739,141.586,236.098,144.842
515.079,212.18,249.727,215.132
512.411,209.745,246.829,212.865
509.3,202.982,243.098,206.289
511.584,207.525,245.801,210.695
570.715,130.429,297.761,131.078
562.807,135.933,290.485,136.837
555.724,150.581,284.787,151.638
554.396,158.512,284.167,159.553
533.347,175.215,264.735,177.2
561.543,143.637,289.911,144.507
568.771,122.234,295.15,123.066
566.289,145.236,294.707,145.878
565.774,144.782,294.163,145.452
533.523,187.658,265.997,189.575
508.921,174.925,240.239,178.207
524.29,177.469,255.903,179.927
518.015,233.099,254.485,235.838
514.363,231.832,250.708,234.823
570.362,146.687,298.819,147.129
518.657,221.884,254.143,224.598
543.858,185.157,276.072,186.511
565.248,162.525,295.181,162.996
578.409,131.253,305.343,131.58
486.18,232.971,222.281,237.918
578.112,168.774,308.283,168.521
577.013,222.285,311.807,221.21
578.806,134.096,305.974,134.363
580.668,196.046,313.113,195.199
486.226,231.434,222.19,236.367
676.808,156.001,400.801,151.468
676.62,156.165,400.64,151.634
669.006,209.253,398.02,202.964
671.039,212.603,400.181,206.061
768.947,147.235,483.23,139.277
659.398,205.127,388.759,199.547
678.971,158.527,403.009,153.793
770.497,147.417,484.612,139.385
674.682,188.02,401.492,182.279
664.165,207.078,393.357,201.151
372.702,268.131,106.139,282.618
376.352,270.401,110.303,284.663
370.612,320.114,108.707,336.755
374.343,322.518,112.969,338.875
366.258,292.133,101.394,308.116
381.981,244.55,113.989,257.415
380.936,270.798,115.294,284.685
378.912,324.098,118.049,340.053
378.398,298.03,115.078,313.113
379.852,298.847,116.723,313.824
366.346,317.849,103.868,334.828
368.555,294.467,104.089,310.33
374.31,351.429,115.616,368.831
373.122,296.024,109.187,311.523
365.276,345.912,105.319,364.085
379.428,270.824,113.668,284.84
380.508,244.726,112.414,257.711
368.234,264.197,100.922,278.908
377.449,323.763,116.44,339.853
375.264,323.295,114.036,339.588
521.137,257.343,259.76,259.8
585.011,288.152,325.217,285.274
579.381,319.38,322.45,316.36
580.578,319.793,323.644,316.658
521.003,285.151,262.066,287.53
586.326,287.011,326.389,284.051
518.981,337.733,264.658,340.098
529.888,259.223,268.639,261.016
520.101,311.182,263.448,313.545
519.955,312.538,263.421,314.909
512.785,348.279,259.397,351.218
512.617,298.541,254.855,301.595
528.291,315.674,271.986,317.28
571.848,326.074,315.722,323.607
513.673,271.683,253.552,274.686
578.813,302.589,320.46,299.94
511.743,272.401,251.677,275.557
514.952,292.37,256.654,295.235
511.941,296.797,254.023,299.912
510.42,348.935,257.085,352.109
523.585,312.608,267.031,314.654
510.277,347.595,256.824,350.786
506.735,268.398,246.286,271.95
509.173,325.259,253.75,328.589
512.333,294.437,254.209,297.522
509.414,324.433,253.919,327.742
508.239,347.936,254.808,351.33
511.419,327.669,256.216,330.785
532.438,290.707,273.924,292.11
504.649,321.813,248.897,325.568
509.433,326.938,254.159,330.242
579.428,340.241,324.284,336.807
583.257,248.299,320.107,246.337
585.422,310.024,327.486,306.663
674.067,256.492,406.602,247.946
673.055,256.654,405.681,248.172
666.003,297.329,402.557,287.689
670.482,294.145,406.415,284.283
370.248,428.629,118.391,449.256
366.697,427.122,114.413,448.16
369.869,400.967,115.418,420.658
361.2,424.698,108.248,446.365
367.635,454.437,117.966,476.328
362.641,453.792,112.501,476.352
372.317,455.012,123.069,476.275
364.577,399.327,109.532,419.609
374.342,402.571,120.393,421.768
361.228,451.996,110.803,474.686
376.824,379.574,120.938,397.68
351.887,465.619,101.946,490.149
364.314,370.162,106.533,389.372
353.692,438.566,101.387,461.769
372.306,403.013,118.237,422.477
352.319,437.972,99.8348,461.337
354.056,411.138,99.2218,433.195
513.912,470.182,271.211,472.515
580.094,426.81,332.339,421.51
586.428,411.005,337.085,405.334
588.034,410.518,338.587,404.679
594.383,451.559,348.165,443.968
579.977,412.637,331.014,407.655
581.561,426.79,333.751,421.319
586.918,452.463,341.093,445.762
517.027,418.757,269.794,420.966
514.964,444.285,269.991,446.616
588.099,455.737,342.505,448.812
574.066,444.77,328.06,439.808
585.407,453.187,339.704,446.654
508.099,405.067,259.695,408.369
584.578,458.297,339.344,451.747
518.435,418.415,271.165,420.459
572.008,445.027,326.092,440.31
564.541,446.536,318.984,442.702
524.257,420.291,277.122,421.635
508.841,429.059,262.547,432.207
506.816,459.803,263.222,463.109
505.974,457.091,262.141,460.515
570.807,437.526,324.286,433.102
509.833,402.011,261.163,405.122
507.627,457.84,263.861,461.048
508.794,455.811,264.85,458.875
572.991,436.039,326.272,431.383
507.253,431.604,261.181,434.938
583.696,417.526,335.015,412.016
512.032,372.968,260.813,375.919
505.73,430.81,259.585,434.333
507.432,462.681,264.091,465.898
579.389,368.861,326.699,364.856
507.304,378.271,256.54,381.717
577.052,475.073,333.536,469.096
579.313,367.18,326.481,363.217
584.184,439.036,337.321,432.981
566.758,438.452,320.441,434.496
507.177,428.429,260.826,431.781
510.704,375.279,259.686,378.365
755.297,456.282,495.997,429.566
666.026,417.301,412.514,402.626
747.82,455.224,489.321,429.424
759.264,412.065,495.942,387.808
657.819,427.57,405.815,413.369
760.542,412.069,497.066,387.68
767.907,436.695,505.493,409.887
666.538,451.525,415.82,435.305
764.993,434.46,502.763,408.117
305.182,512.984,54.8893,546.79
268.683,519.962,14.374,560.145
271.789,516.724,17.5996,556.189
271.661,517.296,17.5091,556.818
305.741,515.814,55.7824,549.678
293.772,514.689,42.268,550.433
294.58,516.483,43.3473,552.195
260.883,513.187,4.80597,554.227
281.81,519.266,29.216,557.232
256.918,514.643,0.400421,556.436
285.163,527.718,33.8164,565.622
284.507,527.993,33.102,566.023
351.338,520.414,106.464,547.176
345.666,509.654,99.2773,536.883
384.805,519.184,142.42,540.639
388.47,518.261,146.244,539.12
362.955,537.206,120.591,562.715
362.684,534.611,120.058,560.073
380.457,531.088,138.869,553.581
362.434,531.497,119.498,556.89
357.111,528.839,113.508,554.995
357.165,527.382,113.431,553.475
378.297,554.172,138.686,577.713
372.107,528.694,129.666,552.441
343.853,550.983,101.164,580.176
371.868,511.205,127.789,534.417
351.719,538.792,108.592,566.198
636.273,524.167,393.846,508.839
503.48,580.807,270.515,584.123
501.244,578.933,268.116,582.62
604.705,535.051,365.072,523.767
509.038,575.387,275.573,577.835
502.668,545.821,266.631,549.414
616.239,517.786,374.52,505.431
500.397,537.653,263.639,541.619
615.676,522.745,374.407,510.306
509.684,552.125,274.178,554.609
596.332,513.301,355.271,503.813
503.924,561.793,269.289,565.125
510.75,569.422,276.755,571.634
598.878,544.97,360.38,534.232
551.494,584.094,318.143,579.66
588.174,551.978,350.772,542.616
488.039,574.802,254.499,580.638
513.588,563.125,279.008,564.93
571.325,577.804,336.807,570.374
588.933,513.074,348.187,504.61
595.316,554.054,357.762,543.58
568.096,579.67,333.853,572.703
598.707,524.038,358.443,513.921
509.208,586.917,276.752,589.266
575.355,546.708,338.028,539.368
577.958,548.366,340.673,540.604
596.237,554.146,358.646,543.534
583.675,550.128,346.309,541.478
642.571,530.873,400.271,514.418
642.865,519.12,399.564,503.087
646.924,528.166,404.088,511.218
694.094,539.034,448.084,515.107
645.699,519.654,402.242,503.215
690.991,541.8,445.5,518.155
694.382,539.646,448.395,515.647
666.163,504.834,419.888,486.301
647.251,522.959,403.958,506.177
739.478,558.483,490.258,527.189
706.137,546.617,459.569,520.629
691.081,537.641,445.241,514.198
721.767,553.348,474.116,524.818
710.604,548.422,463.729,521.717
714.972,552.123,467.944,524.604
748.992,548.935,497.882,516.954
722.311,566.035,475.629,536.677
710.994,548.069,464.05,521.33
700.941,558.925,455.894,532.988
715.045,550.472,467.876,523.038
682.955,546.015,438.547,523.27
702.087,558.505,456.893,532.43
647.388,532.741,404.9,515.544
705.108,557.374,459.52,530.936
739.756,548.811,489.725,518.091
665.873,489.819,418.379,471.992
