48.8215,117.834
98.2824,26.9868
64.1935,26.008
64.0798,27.6462
50.8827,24.9732
87.8,27.9489
99.1859,15.4376
124.071,16.032
87.8288,26.0957
39.1485,26.8498
39.2275,26.1487
148.063,16.8584
112.61,28.3521
76.1678,25.5087
147.096,116.576
112.828,28.6309
75.1976,14.4104
125.262,15.8981
87.6594,30.6602
148.285,14.3414
123.888,26.8432
89.0095,81.6898
136.505,27.9827
25.2227,24.1957
136.998,28.9835
64.8711,114.94
136.507,17.756
56.9854,112.898
107.34,82.9853
105.296,81.7115
107.359,83.2386
131.11,115.079
16.8629,37.2817
132.731,40.0423
156.977,12.7603
115.407,13.7514
107.961,13.8493
196.058,17.9714
196.479,28.1976
184.815,19.2453
184.977,25.9158
173.11,27.9488
230.543,30.9904
266.269,30.1837
208.326,30.588
264.641,19.8036
230.515,29.9883
298.45,32.5817
298.42,31.6411
172.394,17.383
207.97,29.2245
241.996,19.138
253.747,31.6183
220.186,28.9377
253.565,30.088
264.629,30.1506
264.185,17.3369
298.327,30.1057
308.475,21.1664
196.257,15.3078
288.171,30.916
286.659,18.2369
309.413,21.1292
276.124,31.9848
171.873,15.3471
298.245,34.6648
219.042,16.2471
219.003,18.5643
230.201,33.5433
252.921,82.9031
217.272,18.5286
275.659,29.9965
275.622,17.0435
278.109,89.3309
276,34.7047
184.563,14.8775
275.92,33.5451
399.114,83.4726
466.466,35.9164
342.38,33.535
466.62,34.8518
446.602,34.3992
446.839,35.7631
384.393,34.6756
342.028,32.0637
426.223,35.3269
405.123,34.8985
362.794,34.0213
353.834,32.1934
331.212,19.1969
384.137,33.7772
404.95,33.4237
425.914,33.2812
425.922,34.0715
384.484,36.7764
362.9,32.8631
330.222,21.6737
332.677,21.8989
385.524,83.4806
436.508,18.585
466.523,38.5858
436.507,17.4222
415.858,17.91
456.942,18.3333
394.489,17.5664
362.602,36.5488
373.219,16.5609
457.819,33.8168
362.876,19.1123
426.679,21.0927
444.169,22.7025
352.26,19.7945
477.771,47.0397
446.502,23.6706
383.879,19.953
373.006,20.0329
414.971,24.0689
506.079,37.1034
593.508,35.663
583.721,38.9018
545.299,37.9561
564.449,38.2813
496.116,34.3624
574.639,35.3904
526.159,37.555
554.877,34.9407
506.356,37.0537
506.438,39.6077
607.296,50.0513
516.086,33.9435
564.706,38.761
601.8,40.753
485.7,88.1555
615.444,36.0449
526.139,36.9241
535.554,34.6064
583.663,39.2961
514.307,92.8663
514.674,97.893
559.731,108.169
515.154,97.3898
625.851,30.0235
545.468,37.6708
514.078,93.4607
515.266,103.557
636.187,23.8711
629.545,22.6648
574.581,29.1129
516.225,20.4368
555.418,21.1141
496.667,19.44
607.913,26.2939
507.817,22.2776
593.099,49.2033
535.906,20.7704
617.797,20.0362
574.785,21.291
698.018,50.0221
694.002,73.7464
695.347,61.8996
719.52,43.5886
720.004,44.6688
658.905,67.7825
689.586,41.2327
750.538,48.796
659.442,96.7676
722.895,99.6294
768.041,57.0739
720.405,57.8259
763.309,63.1686
665.829,52.876
741.984,28.3475
729.716,85.8403
705.083,59.3201
687.934,51.9905
745.331,71.4884
741.647,62.0256
771.123,37.3989
689.444,49.8806
708.689,94.3183
687.114,51.8891
707.515,38.1441
723.298,90.6992
721.4,98.4998
659.353,71.9705
716.286,90.614
646.935,17.1815
698.062,42.9071
707.852,96.8637
761.255,43.127
708.628,92.308
659.89,72.4137
733.252,27.8505
738.158,46.6077
666.005,85.6075
665.326,86.5659
657.055,83.1379
89.1154,219.107
85.8564,216.149
121.795,217.047
129.406,213.562
85.282,167.49
140.736,132.302
122.588,152.172
77.3427,153.731
137.241,131.43
70.8643,145.855
61.674,132.084
140.366,132.247
135.491,131.486
117.256,175.411
58.6145,132.42
136.24,123.247
61.1843,123.214
142.152,128.726
56.2326,129.464
92.3897,180.461
96.9436,180.46
101.785,178.651
85.1876,189.523
85.1886,190.632
111.869,188.302
53.7138,122.483
30.6704,126.386
96.1887,207.348
15.1172,131.111
34.7838,125.482
97.1165,187.725
102.986,215.834
22.5384,128.235
18.6097,129.219
26.5837,127.423
107.993,213.759
105.638,179.276
102.36,201.933
109.451,198.606
32.7106,125.909
234.423,137.058
226.311,131.428
224.082,132.281
223.511,132.573
242.38,152.132
250.072,215.054
297.615,131.202
236.072,144.94
249.567,213.399
247.372,212.794
241.63,205.035
245.573,209.446
243.424,205.454
264.713,177.515
284.535,151.343
294.377,145.331
227.566,123.114
304.063,214.675
294.542,146.003
302.045,213.745
290.518,177.125
266.085,189.458
254.796,236.171
246.454,149.231
251.39,234.64
189.193,134.951
192.908,134.409
187.079,130.249
243.855,178.658
183.023,130.372
239.135,178.467
253.74,224.663
178.993,130.164
191.081,129.93
185.078,128.443
276.075,186.374
281.496,212.917
279.464,214.428
258.335,178.266
189.06,128.306
389.506,199.698
396.237,202.162
399.6,204.155
397.524,155.819
398.052,150.953
399.966,182.544
396.478,157.951
400.793,151.752
516.147,130.047
526.471,130.174
517.719,153.789
483.018,123.784
748.699,215.891
781.926,211.807
748.361,211.928
744.756,181.051
748.163,204.22
780.777,198.378
780.979,205.122
744.2,181.238
748.439,207.618
778.485,221.983
741.84,208.171
755.152,207.161
761.073,192.336
778.314,220.332
782.829,220.91
757.48,207.33
756.429,209.886
757.617,209.903
759.506,193.827
750.079,226.058
752.131,189.617
759.593,209.094
753.835,191.96
774.94,217.782
749.607,186.72
740.642,211.133
781.917,160.86
759.699,159.649
739.379,171.991
774.571,202.377
761.575,199.11
737.239,209.112
769.24,163.085
760.893,185.209
760.103,212.851
767.303,189.161
772.083,180.901
121.54,248.608
124.624,252.144
109.048,310.713
119.779,348.949
109.955,306.419
106.982,270.948
108.02,266.781
125.279,338.058
103.214,329.123
116.92,309.106
100.193,269.154
102.167,307.303
104.547,329.018
102.575,288.897
114.451,324.896
103.629,307.367
117.44,347.958
115.384,309.342
101.565,269.194
96.8515,339.738
116.433,329.095
112.481,284.194
106.509,332.999
124.307,318.97
102.641,287.477
95.7652,319.289
93.7281,278.895
104.08,347.464
115.786,288.994
114.372,289.125
105.649,347.464
106.694,327.753
113.264,309.794
94.659,298.275
103.655,269.123
251.023,245.775
251.48,247.287
281.718,244.815
254.509,294.847
253.844,256.884
265.053,344.228
256.482,336.553
272.316,321.262
255.402,314.606
171.936,247.402
314.941,346.13
252.364,257.035
270.293,282.075
256.546,335.873
172.177,246.402
254.225,337.29
254.543,276.008
252.704,316.912
265.81,284.212
252.327,295.523
253.286,316.67
251.235,277.043
250.783,277.059
312.934,325.55
181.291,244.913
250.108,258.24
253.417,315.363
205.67,245.465
311.913,313.92
257.506,354.264
267.66,324.284
318.427,290.073
240.758,244.187
310.948,325.43
313.936,335.188
264.738,264.768
248.395,319.073
306.545,274.419
309.914,313.947
265.677,284.62
324.904,338.679
405.833,247.638
324.171,295.02
326.966,338.068
406.207,283.604
326.724,324.701
327.583,306.807
750.704,252.534
774.814,244.635
768.558,260.869
786.354,279.164
757.038,244.426
741.905,248.141
756.665,257.324
745.478,257.964
768.303,254.831
767.316,251.16
771.516,269.571
107.158,408.113
109.281,468.896
113.105,390.04
115.962,426.616
114.056,385.572
100.78,418.282
102.755,459.028
115.134,429.427
122.944,428.349
111.559,468.295
107.585,387.94
109.556,427.832
99.7797,399.248
121.401,428.686
118.393,368.507
131.288,458.135
130.35,438.13
122.417,448.996
113.632,468.103
128.259,398.02
129.308,417.558
105.293,368.844
118.458,403.21
112.726,446.856
106.581,368.684
119.436,388.671
110.519,410.456
111.691,427.39
121.301,468.746
110.656,407.315
101.818,439.974
109.704,386.982
99.3217,460.157
116.31,368.345
120.403,409.386
101.58,438.223
116.297,369.294
98.6851,378.734
127.254,377.709
119.311,429.333
265.859,478.064
267.19,405.594
266.102,384.765
263.734,456.331
269.084,425.803
260.46,414.346
259.462,396.051
258.313,377.683
262.458,456.379
258.256,415.412
261.848,434.975
259.024,436.785
262.828,436.471
276.423,401.864
257.233,396.743
256.828,397.271
260.254,456.469
261.295,437.281
267.356,425.718
266.198,365.916
260.561,376.603
260.159,417.69
262.448,453.589
259.271,436.089
258.323,374.578
258.08,418.285
256.131,378.29
271.7,404.12
278.462,441.734
250.457,419.414
280.475,421.08
254.61,438.618
252.516,399.06
247.604,400.446
270.574,385.047
272.818,421.524
283.805,439.004
338.303,405.056
339.868,448.652
333.942,421.279
342.333,448.356
341.127,445.338
348.246,444.441
332.854,408.658
341.781,448.441
336.953,435.977
334.87,409.523
334.211,405.391
327.06,436.23
345.015,443.28
332.01,402.782
329.971,367.486
327.861,366.201
333.945,402.242
327.976,442.135
330.937,390.728
332.619,384.165
332.099,384.766
337.217,433.356
334.043,417.145
412.619,402.408
336.157,415.223
328.965,374.571
335.942,416.943
324.04,421.026
328.959,448.387
336.909,422.886
326.096,431.214
346.667,477.65
409.16,404.634
415.979,435.308
326.866,447.231
338.116,428.133
338.628,427.624
330.066,383.369
332.783,389.249
405.58,413.305
495.349,429.657
518.887,394.171
530.926,425.739
531.013,420.112
529.361,393.541
540.07,392.388
565.902,433.566
563.966,397.034
529.648,395.326
502.44,410.719
489.305,429.442
741.515,439.958
770.651,436.021
718.221,446.049
662.157,422.144
768.854,447.845
662.048,422.812
745.028,404.014
767.16,453.857
763.309,458.404
761.573,458.354
764.693,457.768
714.152,436.434
737.828,391.164
711.626,424.339
681.684,428.32
760.033,423.393
746.771,440.452
677.895,437.989
657.386,380.988
712.082,435.277
738.221,399.587
757.23,448.116
756.923,446.393
678.548,435.643
658.974,387.709
762.105,418.661
675.927,404.648
736.22,393.508
644.727,413.348
751.625,447.85
739.101,398.657
94.9188,536.037
89.6763,531.73
105.22,546.539
140.057,549.597
139.829,553.731
118.924,560.837
119.035,509.767
104.763,499.192
112.196,509.502
110.248,488.191
105.819,518.676
114.588,527.537
124.4,488.495
134.257,516.851
135.318,536.502
112.571,488.22
124.49,522.896
138.902,576.269
133.422,498.538
140.682,576.164
108.731,581.143
134.533,498.102
139.267,578.596
122.282,489.374
115.609,508.866
126.379,529.442
107.278,581.575
123.257,509.318
101.384,499.589
137.109,578.272
108.724,579.204
124.275,528.595
114.696,487.743
270.083,583.822
268.34,550.956
264.089,541.876
277.493,578.874
265.715,547.517
273.922,544.763
276.943,572.123
274.151,573.87
278.253,565.46
276.509,571.68
268.144,565.274
255.88,580.28
245.852,540.431
245.853,540.679
272.917,504.844
265.731,495.424
216.529,546.517
391.825,514.002
391.118,514.278
393.703,509.159
363.305,523.188
372.979,509.99
367.782,522.326
355.771,503.782
357.159,502.743
399.311,502.867
336.463,569.894
359.591,533.379
448.834,517.919
447.129,515.969
447.157,517.869
365.05,511.05
334.093,571.383
447.575,516.073
508.056,577.2
583.377,516.108
492.059,560.98
578.236,567.522
497.656,516.918
504.989,578.764
585.036,548.909
575.449,569.644
582.709,507.372
575.935,507.009
721.654,526.005
778.681,566.479
773.344,553.935
778.502,568.861
714.937,543.584
691.019,578.125
715.406,534.01
772.572,562.104
720.141,533.476
642.886,506.755
