299.449,37.4067,15.6954,12.3406
299.414,37.1878,15.6464,12.1036
309.546,36.9562,27.2143,12.3136
290.385,31.388,5.03198,5.43661
451.013,25.6544,181.17,6.78662
461.755,79.5892,194.242,62.6684
464.205,20.6603,194.711,2.24115
421.834,90.708,152.84,73.0226
452.662,70.2002,184.468,52.7418
455.197,91.3379,187.851,74.5511
422.553,93.1261,153.688,75.5488
427.979,35.2654,157.329,15.7251
405.994,98.7079,136.295,80.9297
419.301,118.073,151.152,101.338
457.211,56.2343,188.706,38.5292
449.085,80.7567,181.114,63.4992
355.133,50.567,79.0216,28.7549
355.439,49.2102,79.3079,27.3314
449.055,80.2634,181.066,62.9903
451.944,78.4101,184.011,61.1678
364.953,47.6818,89.7779,26.1012
429.302,77.5455,160.253,59.596
371.918,54.3161,97.7075,33.3711
463.818,89.4294,196.722,72.8183
346.884,43.9593,69.5841,21.4145
337.057,45.2612,58.6461,22.3844
454.279,53.8823,185.574,36.0031
416.8,39.6249,145.64,19.7856
456.204,53.1978,187.552,35.3694
451.751,54.7864,182.973,36.8419
387.006,109.653,116.327,91.9154
376.257,63.1754,102.813,42.8548
459.483,52.0625,190.918,34.3228
425.615,109.161,157.505,92.2326
457.108,117.027,190.741,100.969
386.019,53.1769,113.104,32.7165
465.075,50.1637,196.647,32.5805
462.591,50.9744,194.103,33.3202
475.143,110.862,209.142,95.0113
448.779,55.8324,179.91,37.8117
460.809,36.1855,191.736,18.0529
452.623,95.5644,185.324,78.8297
324.066,112.71,46.7375,93.7646
466.449,94.2961,199.611,77.8728
629.697,34.4188,359.178,23.0084
545.955,98.857,280.12,84.3905
499.884,67.6868,232.923,51.6804
630.199,74.4208,360.872,62.3013
505.864,87.2431,239.643,71.7002
523.562,80.4109,257.223,65.2726
515.749,104.056,250.173,88.9509
520.124,92.6092,254.184,77.493
515.642,105.538,250.115,90.4457
541.428,76.6243,274.908,61.9681
631.194,78.2447,361.93,66.0794
514.739,84.8689,248.515,69.5333
637.392,31.0028,366.355,19.9525
536.142,78.6326,269.722,63.8356
591.863,67.2121,323.985,54.0715
495.882,98.8681,229.92,83.248
510.263,17.849,241.746,1.46863
495.103,81.8954,228.549,65.9784
542.883,84.6434,276.614,70.0594
536.913,80.1188,270.538,65.3517
504.054,75.9936,237.431,60.242
494.428,82.5671,227.886,66.6426
531.027,89.9525,265.001,75.0879
543.899,79.8228,277.463,65.2492
533.92,91.187,267.924,76.4028
532.87,90.3109,266.85,75.4951
630.671,53.4199,360.68,41.7059
496.944,102.684,231.128,87.1478
492.386,113.113,226.85,97.647
622.912,40.1846,352.911,28.4232
506.18,17.961,237.619,1.39688
492.748,79.341,226.065,63.3133
594.857,25.3109,325.561,12.6268
601.219,32.9672,331.934,20.4716
658.873,36.4828,386.688,26.1309
659.07,36.5483,386.874,26.2021
675.433,22.7921,401.681,13.4485
659.885,73.495,388.731,62.2254
659.346,75.8689,388.299,64.5217
655.494,72.8116,384.613,61.437
656.75,19.4534,384.197,9.43164
670.146,54.4898,397.712,44.051
661.652,63.6361,390.086,52.6794
660.167,62.8078,388.677,51.8278
652.834,70.7838,382.066,59.3844
641.911,72.006,371.853,60.2666
652.563,47.8026,381.126,36.9496
644.853,26.108,373.239,15.4513
645.384,24.1377,373.679,13.5439
289.039,129.4,7.54343,110.939
475.177,130.65,209.863,115.21
476.553,122.581,210.996,106.999
474.552,220.799,212.339,207.037
419.546,141.565,152.264,125.682
402.104,144.318,133.82,128.334
463.792,122.645,197.858,106.847
454.27,133.47,188.374,117.793
403.563,137.577,135.13,121.339
463.444,124.941,197.578,109.192
404.097,127.969,135.346,111.35
514.419,231.062,253.083,216.957
516.301,206.792,254.16,192.527
498.733,223.029,237.023,209.044
507.988,234.292,246.735,220.293
491.478,236.49,230.132,222.743
490.085,218.958,228.121,205.014
499.42,191.002,236.635,176.669
501.55,194.687,238.913,180.389
490.783,221.814,228.927,207.899
529.75,225.071,268.189,210.761
518.798,198.451,256.382,184.124
508.399,197.45,245.912,183.156
508.353,213.154,246.393,198.99
522.56,220.07,260.861,205.821
521.663,216.848,259.858,202.594
505.936,216.197,244.062,202.078
500.258,225.753,238.657,211.778
503.444,219.219,241.652,205.15
520.167,220.072,258.47,205.846
499.508,229.597,238.029,215.669
476.641,256.781,215.717,243.559
477.541,282.648,217.526,269.774
514.015,243.697,253.1,229.666
512.988,252.015,252.348,238.045
510.517,252.49,249.885,238.569
510.676,253.166,250.067,239.246
484.788,253.055,223.899,239.622
507.561,248.905,246.795,235.015
488.36,274.214,228.252,260.955
501.815,243.265,240.819,229.429
522.77,253.75,262.185,239.605
543.382,244.709,282.332,230.204
484.194,263.317,223.645,250.027
535.444,241.8,274.389,227.425
660.756,341.28,397.442,321.588
291.556,432.703,22.8773,434.745
453.979,451.556,199.217,442.161
432.248,457.015,176.914,449.347
475.632,461.195,221.698,450.273
469.765,471.727,216.085,461.341
384.04,428.856,125.009,423.991
384.154,428.396,125.114,423.507
429.568,446.806,173.759,439.138
471.55,471.648,217.901,461.12
455.355,414.351,199.337,404.341
471.79,438.516,217.01,427.691
455.651,406.713,199.376,396.573
364.091,425.272,103.408,421.681
397.132,446.29,139.605,441.024
467.167,462.354,213.111,452.087
462.262,461.087,208.051,451.183
391.938,437.285,133.752,432.129
368.985,419.895,108.495,415.753
449.256,416.35,193.118,406.763
401.541,437.353,143.956,431.502
398.835,414.054,140.236,407.704
376.526,422.421,116.712,417.855
388.323,415.782,129.105,410.184
371.098,428.149,111.083,424.175
775.281,415.149,502.314,386.274
691.423,457.652,428.911,431.418
772.935,417.909,500.342,388.98
695.42,430.25,431.757,405.077
691.762,436.391,428.613,411.149
690.445,436.503,427.42,411.337
680.319,468.004,419.099,442.045
684.141,442.407,421.851,417.362
693.347,377.17,428.365,354.594
777.099,426.041,504.186,396.337
682.005,442.257,419.898,417.355
693.204,424.588,429.586,399.817
298.13,515.543,33.692,521.82
286.994,566.195,23.1314,576.497
283.888,567.861,19.6693,578.617
419.957,540.176,167.049,535.193
392.908,581.339,140.056,580.157
459.15,543.529,207.713,534.687
422.108,535.271,169.122,529.98
464.195,548.774,213.05,539.469
466.666,551.754,215.672,542.22
395.314,526.546,140.608,523.69
631.791,568.6,377.253,542.499
625.905,564.021,371.614,538.654
624.092,561.338,369.835,536.239
635.223,554.612,380.037,528.711
646.062,577.74,390.793,549.891
693.361,526.174,432.615,496.408
644.934,567.961,389.46,540.621
702.072,527.877,440.532,497.296
686.181,572.037,427.411,540.582
760.823,526.76,492.671,491.425
670.95,545.904,412.78,517.115
676.821,558.921,418.519,528.987
729.331,503.566,464.26,472.163
767.172,536.075,498.465,499.59
767.943,514.173,498.554,479.123
681.087,581.411,423.05,549.974
785.757,540.917,514.722,502.55
661.928,580.469,405.509,550.947
686.8,558.464,427.586,527.637
713.513,490.591,449.773,461.113
663.732,577.251,407.072,547.698
653.689,552.182,397.095,524.675
679.12,578.25,421.169,547.16
778.256,530.819,507.964,493.794
717.928,498.754,453.955,468.495
780.16,522.44,509.393,485.859
666.986,577.896,410.075,547.998
698.139,576.403,438.353,543.584
728.881,494.235,463.603,463.411
668.082,577.791,411.076,547.791
762.71,521.675,494.185,486.529
692.778,500.193,431.35,471.782
740.481,510.427,474.337,477.751
699.398,503.449,437.431,474.36
694.606,499.26,432.979,470.755
747.458,531.112,481.056,496.582
727.036,520.145,462.675,487.949
675.061,522.172,415.855,494.125
672.436,520.264,413.4,492.523
677.343,510.903,417.616,483.192
720.237,526.294,456.784,494.296
709.72,504.67,446.762,474.716
672.961,520.823,413.896,493.013
