48.6112,89.3755
30.9146,108.196
47.2049,81.4377
52.159,87.5108
41.8567,104.677
56.881,91.0879
57.3782,93.8129
66.6631,88.1815
52.6016,94.6343
66.2045,82.7384
64.6221,81.8659
62.8918,85.5006
61.4173,80.0486
56.0477,108.803
62.2367,85.4963
70.1866,85.8181
58.2635,96.4835
62.8388,91.9189
37.9857,46.0232
143.055,58.158
146.68,57.879
43.9696,68.599
103.917,78.7721
62.0768,91.1377
142.988,58.4772
39.912,66.1699
60.7531,97.0538
116.861,84.1414
48.2724,66.9348
102.506,77.6276
113.527,82.8062
65.9575,62.5917
163.808,61.245
219.593,19.916
280.046,32.9903
260.276,29.0629
299.449,37.4067
280.289,32.6777
240.694,24.7091
240.66,24.4054
260.543,28.8373
299.414,37.1878
251.563,23.8254
309.546,36.9562
290.385,31.388
292.111,18.4147
189.944,12.3777
281.252,93.0931
253.515,79.9129
281.043,92.2541
281.953,90.1633
272.226,14.0153
280.694,100.305
291.928,23.7415
246.396,115.175
311.486,23.024
250.482,79.1978
162.998,89.1732
451.013,25.6544
461.755,79.5892
464.205,20.6603
421.834,90.708
452.662,70.2002
455.197,91.3379
422.553,93.1261
427.979,35.2654
405.994,98.7079
419.301,118.073
457.211,56.2343
449.085,80.7567
355.133,50.567
355.439,49.2102
449.055,80.2634
451.944,78.4101
364.953,47.6818
429.302,77.5455
371.918,54.3161
463.818,89.4294
346.884,43.9593
337.057,45.2612
454.279,53.8823
416.8,39.6249
456.204,53.1978
451.751,54.7864
387.006,109.653
376.257,63.1754
459.483,52.0625
425.615,109.161
457.108,117.027
386.019,53.1769
465.075,50.1637
462.591,50.9744
475.143,110.862
448.779,55.8324
460.809,36.1855
452.623,95.5644
324.066,112.71
466.449,94.2961
629.697,34.4188
545.955,98.857
499.884,67.6868
630.199,74.4208
505.864,87.2431
523.562,80.4109
483.892,10.957
515.749,104.056
520.124,92.6092
515.642,105.538
541.428,76.6243
631.194,78.2447
514.739,84.8689
637.392,31.0028
536.142,78.6326
591.863,67.2121
495.882,98.8681
510.263,17.849
511.318,15.6984
495.103,81.8954
542.883,84.6434
536.913,80.1188
504.054,75.9936
494.428,82.5671
531.027,89.9525
543.899,79.8228
533.92,91.187
532.87,90.3109
630.671,53.4199
496.944,102.684
492.386,113.113
622.912,40.1846
506.18,17.961
492.748,79.341
594.857,25.3109
601.219,32.9672
658.873,36.4828
659.07,36.5483
675.433,22.7921
659.885,73.495
659.346,75.8689
655.494,72.8116
656.75,19.4534
670.146,54.4898
661.652,63.6361
660.167,62.8078
652.834,70.7838
641.911,72.006
652.563,47.8026
644.853,26.108
645.384,24.1377
21.3142,129.771
46.6894,207.325
45.2098,178.742
43.2613,209.373
43.2291,177.709
42.639,176.189
16.3644,144.104
56.4651,193.427
51.9593,201.88
52.2674,186.273
57.1459,160.287
151.901,228.521
57.6566,160.66
57.9592,130.645
55.2561,131.353
54.1798,145.072
21.7228,149.514
55.1385,121.881
28.0276,136.098
31.8091,186.879
58.9,212.958
139.044,176.714
62.5995,213.903
28.6368,194.862
30.0729,197.232
153.381,161.3
154.616,161.265
278.727,127.341
277.563,150.585
289.039,129.4
475.177,130.65
476.553,122.581
474.552,220.799
419.546,141.565
402.104,144.318
463.792,122.645
454.27,133.47
403.563,137.577
463.444,124.941
404.097,127.969
514.419,231.062
516.301,206.792
498.733,223.029
507.988,234.292
491.478,236.49
490.085,218.958
499.42,191.002
501.55,194.687
490.783,221.814
529.75,225.071
518.798,198.451
508.399,197.45
508.353,213.154
522.56,220.07
521.663,216.848
505.936,216.197
500.258,225.753
503.444,219.219
520.167,220.072
499.508,229.597
51.0762,287.459
52.4999,288.62
50.5385,340.304
50.0909,340.082
54.8381,255.682
52.8823,257.274
57.5837,290.338
56.1446,266.045
146.664,265.523
69.0835,293.927
50.2019,312.882
57.6489,278.907
49.1976,315.65
42.9839,245.169
50.6463,313.621
52.0836,270.859
43.0364,246.618
476.641,256.781
477.541,282.648
514.015,243.697
512.988,252.015
510.517,252.49
510.676,253.166
484.788,253.055
507.561,248.905
488.36,274.214
501.815,243.265
522.77,253.75
543.382,244.709
484.194,263.317
535.444,241.8
660.756,341.28
54.8879,383.81
48.4534,399.405
48.0084,386.867
48.894,385.134
58.4044,454.821
56.0906,455.291
53.1581,427.416
58.1541,455.64
62.3043,425.432
62.1509,455.351
135.231,474.953
42.2803,416.074
44.9822,453.257
69.219,419.433
40.1724,417.639
53.8823,439.663
63.8694,431.879
137.922,387.842
51.8388,415.071
55.0704,449.247
42.8183,437.387
38.6169,408.464
40.9202,406.986
40.8441,437.772
43.9132,447
34.8073,410.419
129.725,398.087
40.1798,438.433
38.9522,407.875
43.0548,453.828
53.8042,407.612
249.368,389.637
257.915,421.767
258.433,421.988
221.117,423.175
215.246,411.916
291.556,432.703
258.235,416.959
270.717,389.901
259.941,389.887
453.979,451.556
432.248,457.015
475.632,461.195
469.765,471.727
384.04,428.856
384.154,428.396
429.568,446.806
471.55,471.648
455.355,414.351
471.79,438.516
455.651,406.713
364.091,425.272
397.132,446.29
467.167,462.354
462.262,461.087
391.938,437.285
368.985,419.895
449.256,416.35
401.541,437.353
398.835,414.054
376.526,422.421
388.323,415.782
371.098,428.149
775.281,415.149
691.423,457.652
772.935,417.909
695.42,430.25
691.762,436.391
690.445,436.503
680.319,468.004
684.141,442.407
693.347,377.17
777.099,426.041
682.005,442.257
693.204,424.588
101.915,500.663
102.531,500.503
104.622,495.678
71.5184,508.292
82.7443,495.772
63.4325,487.896
33.4766,556.2
55.7887,487.551
53.6336,527.023
30.7586,557.399
180.995,504.322
179.065,503.383
171.699,512.083
185.436,516.776
175.706,513.207
201.47,555.315
215.799,572.093
180.08,516.776
298.13,515.543
178.836,513.927
188.244,527.045
212.906,573.508
166.979,522.295
286.994,566.195
220.505,501.478
169.978,522.082
168.145,498.006
184.873,507.369
283.888,567.861
210.785,573.991
419.957,540.176
392.908,581.339
459.15,543.529
422.108,535.271
464.195,548.774
466.666,551.754
395.314,526.546
631.791,568.6
625.905,564.021
624.092,561.338
635.223,554.612
646.062,577.74
693.361,526.174
644.934,567.961
702.072,527.877
686.181,572.037
760.823,526.76
670.95,545.904
676.821,558.921
729.331,503.566
767.172,536.075
767.943,514.173
681.087,581.411
785.757,540.917
661.928,580.469
686.8,558.464
713.513,490.591
663.732,577.251
653.689,552.182
679.12,578.25
778.256,530.819
717.928,498.754
780.16,522.44
666.986,577.896
698.139,576.403
728.881,494.235
668.082,577.791
762.71,521.675
692.778,500.193
740.481,510.427
699.398,503.449
694.606,499.26
747.458,531.112
727.036,520.145
675.061,522.172
672.436,520.264
677.343,510.903
720.237,526.294
709.72,504.67
672.961,520.823
