339.428,101.468,93.8147,33.4066
359.284,114.845,115.155,50.1164
351.365,103.263,107.001,36.8265
351.061,104.183,106.615,37.768
586.714,41.6689,355.413,2.72516
608.96,109.291,373.5,73.0064
586.332,40.6951,355.09,1.69662
574.95,67.6145,342.64,27.4482
636.505,102.789,400.13,69.466
572.609,79.741,339.707,39.3852
573.084,79.7265,340.176,39.4266
588.856,97.7195,354.619,59.2673
572.0,59.928,340.133,19.3409
612.319,115.661,376.373,79.6881
623.238,94.9345,387.917,60.2585
572.611,59.9389,340.731,19.4254
620.613,92.3969,385.54,57.4506
568.232,62.9571,336.287,21.9481
630.109,79.47,395.25,45.6535
619.737,82.6795,385.197,47.6856
624.223,93.4556,388.932,58.896
608.067,84.8857,373.896,48.5815
588.296,109.922,353.359,71.3938
611.638,108.008,376.159,72.0197
570.508,70.5277,338.145,29.8633
589.261,108.716,354.373,70.295
611.535,79.6503,377.493,43.7458
586.546,56.7998,354.492,17.9378
586.554,56.8975,354.495,18.037
593.262,65.2641,360.59,27.2426
644.691,69.6436,409.574,37.5527
652.08,61.1806,416.976,30.0231
661.133,53.8382,425.858,23.8171
643.933,79.1923,408.367,46.9198
780.21,20.1756,536.062,4.99683
784.769,19.2515,540.141,4.64694
657.729,41.4448,423.309,11.1673
449.486,192.671,208.06,141.158
449.04,192.656,207.593,141.1
432.19,180.009,190.514,126.423
447.209,232.118,203.522,181.505
466.155,201.306,224.999,151.564
430.685,181.039,188.863,127.342
342.009,126.154,95.4135,60.0628
442.124,183.244,200.833,130.738
442.266,181.315,201.088,128.761
436.12,208.883,193.107,156.631
451.068,186.397,210.063,134.851
423.817,170.143,182.156,115.358
626.281,129.068,389.02,94.4075
603.715,132.685,367.046,95.6845
603.587,132.571,366.929,95.5582
603.509,142.024,366.3,104.932
621.565,133.971,384.203,98.7716
558.845,225.133,317.724,183.577
575.138,235.792,333.178,195.464
632.573,141.192,394.326,106.993
619.38,136.077,381.978,100.633
614.051,137.206,376.778,101.214
519.339,215.444,278.744,170.599
508.356,220.044,267.351,174.318
523.704,224.209,282.658,179.794
496.566,223.979,255.108,177.316
608.97,135.534,371.969,99.0451
589.031,120.243,353.476,81.773
508.669,219.554,267.697,173.849
496.758,222.733,255.374,176.068
487.7,196.014,247.571,148.123
503.981,205.562,263.708,159.283
616.762,136.812,379.415,101.096
521.188,234.788,279.524,190.24
607.941,127.047,371.471,90.5237
482.832,210.316,241.767,162.255
560.69,234.275,319.027,192.836
539.328,231.326,297.947,188.206
498.88,219.87,257.703,173.344
606.41,127.171,369.981,90.4883
610.091,127.24,373.539,90.9374
620.608,127.27,383.678,92.0504
535.182,233.849,293.653,190.406
491.956,211.742,251.068,164.503
499.013,198.442,259.034,151.619
632.539,132.611,394.801,98.5363
491.78,214.129,250.755,166.913
545.125,221.399,304.301,178.731
514.019,229.197,272.586,184.03
580.258,147.408,343.306,107.97
498.9,198.588,258.911,151.757
569.926,227.026,328.557,186.348
657.808,130.758,418.762,99.2014
649.647,137.355,410.764,104.894
655.084,123.055,416.606,91.3634
705.568,233.984,457.007,203.387
695.119,225.786,447.958,194.761
683.274,228.38,436.917,196.407
666.981,128.776,427.438,98.1519
690.074,221.814,443.572,190.566
692.119,235.341,444.627,203.749
672.173,207.884,427.803,175.712
647.886,188.85,406.074,155.162
697.81,227.83,450.298,196.923
668.994,125.838,429.466,95.4704
668.996,217.273,424.27,184.569
668.238,204.85,424.299,172.45
686.11,218.774,440.111,187.339
654.194,193.84,411.743,160.571
661.818,199.842,418.57,167.056
657.981,196.814,415.138,163.789
644.156,185.835,402.716,151.891
753.93,127.783,506.855,105.504
465.85,262.283,221.338,213.831
474.396,283.033,229.053,235.548
473.467,260.557,229.327,212.64
471.603,246.62,228.163,198.309
629.153,305.492,381.412,267.605
635.169,304.111,387.221,266.609
571.07,342.085,323.359,300.388
616.77,298.761,369.955,260.314
561.758,347.484,313.896,305.254
583.678,263.058,339.974,223.091
589.278,277.525,344.603,237.748
600.907,285.307,355.445,246.157
496.215,343.042,248.153,297.465
531.607,353.889,283.592,310.143
604.865,291.892,358.891,252.867
590.705,245.716,347.828,206.463
583.22,262.709,339.547,222.714
521.051,249.358,278.567,204.886
578.315,256.073,335.129,215.803
579.702,287.44,334.751,246.927
592.809,284.393,347.643,244.742
637.514,295.867,389.933,258.732
579.538,244.089,337.016,204.024
594.516,254.134,351.049,215.048
579.246,246.079,336.616,205.974
603.057,274.907,358.127,236.081
495.551,325.038,248.469,279.326
625.647,290.787,378.922,253.066
562.885,333.228,315.815,291.229
604.571,256.808,360.64,218.396
547.921,348.825,300.136,305.905
615.666,282.304,369.852,244.152
555.937,353.199,307.828,310.619
563.006,335.566,315.802,293.546
614.072,284.129,368.213,245.837
602.683,276.741,357.659,237.858
593.201,265.049,349.14,225.716
482.044,291.542,236.472,244.688
546.005,348.412,298.256,305.402
543.945,338.156,296.786,295.125
564.781,350.698,316.691,308.571
495.433,324.634,248.371,278.912
619.002,307.917,371.586,269.392
568.677,333.754,321.484,292.051
745.301,264.626,490.982,235.238
748.218,259.944,493.874,230.98
716.42,242.003,466.38,211.82
649.907,318.064,400.365,280.965
699.625,341.905,445.034,306.31
779.763,339.032,516.902,307.141
689.143,333.839,435.935,298.124
689.034,336.506,435.674,300.671
718.609,340.281,462.368,305.614
708.566,337.138,453.46,302.172
708.578,335.268,453.584,300.392
689.017,332.922,435.875,297.241
718.638,340.564,462.377,305.884
758.701,329.714,498.9,297.45
699.381,341.607,444.829,306.015
767.431,262.03,510.808,234.145
738.572,339.996,480.339,306.233
758.638,339.86,498.22,306.991
748.949,336.35,489.827,303.255
665.746,324.843,414.852,288.348
778.145,258.918,520.448,231.874
763.742,272.8,506.878,244.085
678.954,336.872,426.387,300.554
708.556,331.277,453.806,296.59
765.31,261.926,508.939,233.916
748.949,334.138,489.963,301.17
708.261,331.583,453.52,296.868
718.815,256.206,467.681,225.556
677.655,321.913,426.088,286.135
725.297,261.297,473.227,230.827
669.048,331.68,417.536,295.098
687.658,351.871,433.487,315.303
659.296,325.092,408.79,288.253
728.333,336.971,471.337,302.912
738.135,340.371,479.925,306.568
728.902,324.323,472.62,290.951
776.901,271.826,518.552,243.945
769.034,336.149,507.641,303.966
702.082,243.246,453.263,212.038
748.063,323.419,489.831,291.017
423.343,406.61,169.006,358.574
577.46,431.431,324.538,388.309
579.92,439.823,326.461,396.569
538.742,459.772,284.777,415.175
566.037,393.894,315.479,351.155
588.336,429.385,335.238,386.612
578.693,416.584,326.582,373.83
584.395,471.305,329.031,427.336
582.099,398.316,330.941,356.074
589.834,432.525,336.512,389.712
574.082,400.636,322.983,358.063
586.589,443.483,332.74,400.302
566.045,410.032,314.574,367.007
580.663,418.422,328.399,375.688
578.687,416.832,326.563,374.073
571.237,384.079,321.137,341.71
568.337,409.666,316.844,366.723
557.142,449.387,303.531,405.361
580.372,420.637,327.99,377.844
559.666,448.794,306.051,404.838
566.593,410.225,315.102,367.214
603.988,380.858,353.191,339.859
583.267,421.407,330.765,378.683
591.486,417.029,338.997,374.66
603.8,383.261,352.871,342.192
560.037,431.041,307.483,387.447
563.386,395.057,312.807,352.201
586.061,446.918,332.009,403.63
522.366,474.333,267.641,429.232
530.274,471.935,275.687,427.003
588.529,399.281,337.14,357.244
532.433,468.692,278.022,423.845
600.392,420.838,347.42,378.644
593.696,417.498,341.111,375.185
577.64,416.091,325.583,373.315
574.488,383.642,324.345,341.409
580.909,462.831,326.098,419.019
734.834,431.104,471.443,391.953
743.119,455.725,477.348,415.216
744.54,431.896,480.062,392.924
748.023,393.656,485.495,357.142
747.864,394.624,485.294,358.046
717.781,390.131,458.595,352.834
747.765,396.325,485.102,359.64
747.118,398.694,484.382,361.844
754.914,432.384,489.252,393.621
746.962,405.497,483.828,368.226
649.37,474.68,390.718,431.629
647.986,434.032,391.777,392.65
659.118,397.449,404.375,357.874
717.143,419.967,456.214,381.021
778.136,390.177,512.318,354.852
779.743,426.866,511.469,389.061
717.848,419.552,456.875,380.647
721.767,414.815,460.696,376.281
773.046,416.987,506.199,379.696
719.208,429.811,457.483,390.364
656.681,423.823,400.547,383.093
754.269,424.13,489.183,385.885
743.939,442.528,478.88,402.873
651.854,407.726,396.951,367.5
775.386,421.489,507.979,383.95
774.542,431.69,506.611,393.426
416.956,556.278,154.378,510.259
418.567,555.52,156.12,509.488
410.797,560.668,147.625,514.718
402.781,527.026,140.847,480.647
409.462,561.914,146.143,515.984
558.74,512.687,301.627,467.335
533.332,495.154,277.426,449.91
557.405,531.542,299.261,485.719
534.982,484.046,279.686,439.004
533.982,491.218,278.292,446.046
533.593,504.983,277.139,459.575
532.583,505.011,276.134,459.594
541.771,558.918,282.307,512.444
549.135,516.444,291.95,470.939
560.294,502.28,303.737,457.19
547.397,543.477,288.73,497.352
543.765,556.857,284.396,510.424
545.397,544.358,286.704,498.213
533.47,505.897,276.966,460.472
560.237,497.334,303.958,452.36
560.64,499.568,304.229,454.546
544.993,545.297,286.252,499.131
561.943,492.966,305.879,448.114
579.919,489.586,323.644,445.046
555.677,538.676,297.163,492.67
540.995,546.117,282.175,499.922
543.641,553.281,284.471,506.932
539.963,570.615,279.869,523.877
563.944,528.021,305.879,482.309
549.422,532.188,291.358,486.329
541.291,488.158,285.685,443.125
543.053,491.785,287.231,446.709
527.432,486.207,272.057,441.029
550.292,527.252,292.491,481.51
535.5,564.667,275.695,518.08
580.609,499.427,323.76,454.619
570.59,518.524,312.916,473.099
507.626,491.366,251.872,445.858
506.349,491.006,250.602,445.485
522.513,491.486,266.842,446.168
521.226,504.486,264.836,458.975
550.73,490.062,294.996,445.133
544.839,566.078,284.948,519.417
503.242,489.753,247.528,444.202
578.621,502.409,321.657,457.496
647.195,497.639,387.341,453.551
648.321,483.775,389.204,440.312
