91.1548,14.5097
129.417,53.5279
140.9,26.9643
124.849,14.9359
139.439,26.8502
108.474,28.4833
128.132,17.8446
106.062,53.8505
90.0183,27.661
96.245,40.0801
153.016,66.906
91.2628,27.1181
92.9163,24.957
112.247,53.5868
122.835,59.6403
123.104,26.2287
116.734,44.1596
143.056,61.1051
136.044,58.1614
133.932,43.8211
134.168,66.9338
135.59,66.8126
309.858,31.817
173.478,49.1658
313.646,39.0269
173.894,48.189
312.632,40.4457
161.928,60.683
161.98,59.6438
315.249,24.1415
317.102,25.9545
171.795,58.497
351.855,46.748
340.66,42.0385
343.932,50.415
321.258,48.7754
320.705,46.1898
357.944,51.1013
339.107,53.2031
337.666,53.6477
335.42,51.5109
342.505,34.5027
329.007,44.5102
389.204,100.05
390.508,104.859
390.562,105.194
374.291,47.3509
374.46,48.2529
464.962,40.791
382.936,38.8812
403.712,43.6914
411.725,37.5054
335.009,30.8961
339.449,57.73
442.888,35.9775
534.513,35.9004
574.91,33.9866
494.674,37.973
617.591,34.1077
502.967,32.9639
586.134,34.8861
628.212,32.6876
505.66,32.1192
637.201,31.3457
561.034,28.2395
545.769,29.8715
561.22,28.5121
628.147,25.6031
545.629,36.9775
515.099,28.0712
596.231,34.8991
508.713,30.9488
747.022,20.8857
661.973,113.997
702.544,22.9175
645.867,114.944
643.868,114.752
653.938,89.8611
739.5,24.408
654.837,91.6972
695.14,26.6492
739.01,27.9337
738.798,28.2541
661.64,24.9711
770.15,18.9431
694.634,30.2346
694.423,30.3504
727.617,21.0661
681.038,23.4075
729.983,21.3146
772.867,25.0487
707.784,20.2705
654.099,95.491
727.802,27.1964
774.968,19.2164
759.96,18.446
114.764,227.78
134.791,231.07
86.169,203.306
123.77,220.752
53.3843,146.386
76.0981,171.244
76.0578,170.169
11.0565,153.213
98.2538,213.052
102.302,219.888
79.9092,188.833
75.459,168.036
43.8673,164.028
88.3373,171.448
63.0126,176.667
79.935,188.422
62.489,176.054
71.6571,159.152
112.724,212.478
13.9944,140.383
74.0007,179.62
19.1847,159.781
89.8737,211.696
74.3095,213.441
19.3054,157.768
100.731,202.955
30.8736,150.88
17.3762,127.47
110.032,203.419
15.7755,138.209
91.3194,180.042
23.1117,169.023
30.8494,149.636
102.413,183.881
146.914,233.806
92.2407,183.311
37.9266,141.172
74.894,215.622
92.1216,184.524
92.5816,182.219
241.076,202.675
242.637,199.866
216.156,178.748
205.052,168.897
177.929,143.899
169.868,149.234
204.792,163.254
197.235,161.852
171.972,151.2
188.739,153.967
210.998,187.109
233.266,169.322
183.207,148.79
207.65,161.398
181.169,146.858
227.809,202.422
208.144,163.413
185.968,164.249
221.86,197.158
168,134.903
213.451,189.425
189.008,167.068
180.72,159.253
459.732,128.703
460.514,145.076
445.99,155.068
396.663,179.917
460.344,148.386
446.953,155.594
329.041,147.588
407.669,173.474
459.24,156.816
394.036,130.134
424.463,160.696
386.522,173.91
344.657,155.974
327.774,131.876
449.958,158.497
419.007,168.061
387.575,171.089
404.102,183.725
390.161,182.945
461.79,139.994
344.993,154.529
388.026,163.791
396.074,155.255
399.189,141.558
368.559,161.056
452.603,137.139
406.23,171.229
343.16,157.631
372.071,168.871
373.959,171.951
387.954,131.963
374.016,169.308
339.015,160.895
391.599,142.119
379.173,181.091
412.784,165.414
372.617,160.343
440.44,165.055
435.783,144.867
391.701,156.978
594.123,151.858
593.831,151.8
577.941,142.788
577.856,143.114
577.685,124.869
580.043,154.119
582.754,149.354
627.721,165.108
622.007,156.947
588.206,155.474
627.928,163.16
625.274,164.845
585.809,134.309
628.007,132.308
585.201,136.666
624.585,167.535
602.223,168.331
632.024,131.016
601.93,161.147
601.968,162.937
601.646,163.621
631.3,140.907
727.326,139.307
727.1,139.648
709.159,147.134
641.045,170.018
709.382,148.913
709.844,148.299
646.052,178.991
664.914,169.204
716.878,152.898
684.844,155.588
643.777,158.839
663.466,167.017
725.162,151.112
728.21,133.125
660.366,179.266
648.655,135.46
653.435,149.502
662.236,158.174
678.362,162.617
678.397,162.32
719.91,130.888
669.911,160.918
648.14,124.753
719.482,129.496
702.937,158.294
648.82,151.169
694.722,154.654
717.378,129.126
658.962,155.945
652.206,152.827
693.954,153.669
698.158,138.487
678.155,164.574
698.723,139.234
643.638,143.285
645.8,152.119
645.642,143.404
652.333,152.998
644.255,152.242
703.845,185.024
55.3902,305.046
57.598,324.249
56.3591,324.132
69.8228,347.725
64.9826,331.134
54.4565,324.46
62.2917,313.614
72.8237,329.902
56.6145,341.084
71.6789,349.717
56.2906,341.235
97.5751,313.535
97.6586,314.037
81.8807,348.342
59.201,294.535
74.5375,353.408
58.4719,296.819
60.5853,292.701
101.507,311.249
72.6574,320.848
63.0002,271.199
148.104,249.178
71.4022,269.84
52.9217,275.403
80.7266,329.841
45.2515,287.097
210.926,322.129
232.528,275.341
288.701,274.871
238.417,325.985
195.935,274.97
204.633,270.909
241.725,271.527
203.546,271.477
237.243,336.862
269.467,275.66
186.101,269.613
214.486,275.099
307.691,275.065
269.571,274.641
186.255,266.859
213.05,346.573
298.155,269.9
250.46,275.733
238.282,326.664
237.952,328.67
279,271.811
269.365,274.759
298.222,271.685
176.003,269.679
223.229,271.193
241.653,269.533
209.226,350.824
167.11,263.319
259.708,271.264
186.319,265.701
223.188,269.225
259.629,273.951
194.935,275.114
298.113,266.101
279.29,259.989
204.906,265.48
205.259,258.952
278.91,265.698
205.082,264.957
298.541,262.315
429.231,356.895
327.295,275.42
447.683,276.69
406.248,276.389
447.839,275.621
385.838,275.611
447.437,275.802
426.769,276.617
385.39,274.748
346.834,275.274
406.026,276.369
352.838,324.247
353.185,324.918
426.623,276.087
459.015,266.573
356.496,260.699
437.156,260.842
375.999,260.814
365.552,276.932
336.554,266.178
356.52,261.376
336.479,262.531
346.885,273.775
437.273,261.382
468.245,325.745
356.065,323.024
468.709,275.062
336.675,264.159
457.078,266.565
454.93,330.725
336.623,266.103
385.978,263.186
437.767,352.671
478.405,266.509
375.692,260.875
366.217,263.12
458.106,261.817
468.483,276.601
336.573,261.704
438,266.458
510.018,277.771
619.88,278.454
531.246,277.861
509.655,276.759
488.765,277.956
597.93,278.616
531.395,276.66
488.861,276.514
509.818,279.559
553.348,278.013
631.179,268.08
619.733,279.172
575.886,278.417
597.575,277.354
586.155,267.733
608.722,277.263
632.512,268.008
553.688,277.011
520.79,265.092
597.639,280.701
608.992,267.871
500.868,266.94
586.855,265.306
542.149,277.176
616.601,328.759
543.615,277.421
575.634,278.953
542.681,265.093
499.781,265.155
520.542,262.242
609.027,262.903
609.018,262.836
520.502,263.169
542.713,267.633
542.633,262.306
586.473,262.928
542.803,263.397
564.908,266.777
586.488,262.581
564.743,265.333
770.078,280.067
653.928,268.027
665.686,279.706
736.753,280.262
736.427,279.094
677.239,266.212
654,266.187
760.093,280.821
689.265,279.752
677.426,268.045
712.453,278.369
677.273,278.048
665.635,278.2
689.129,278.403
724.834,268.784
712.924,279.844
700.933,268.718
724.993,278.384
700.861,278.296
759.935,280.232
748.752,268.826
653.423,277.94
665.556,281.638
654.046,263.007
736.747,282.651
771.954,264.016
772.467,269.039
759.937,278.286
771.685,267.235
654.145,263.02
724.628,266.276
700.507,266.195
772.199,264.123
677.458,263.086
724.546,263.428
700.421,263.378
749.035,278.632
724.622,263.575
781.74,333.066
677.379,263.288
42.4673,446.93
13.1548,431.747
14.1386,430.212
69.9579,371.521
16.3279,417.955
51.9949,401.153
66.7184,422.361
32.8711,450.676
43.9912,432.331
44.4164,436.178
49.5739,453.256
76.6554,375.295
46.7406,426.118
47.7333,462.177
37.5257,473.795
36.1777,413.343
73.7691,403.74
36.7391,417.087
37.5617,414.824
33.1416,415.176
44.9015,411.231
41.2892,381.26
76.0246,378.139
73.3439,405.215
43.2084,413.73
47.5349,408.606
28.7459,385.114
29.8031,428.342
36.8641,405.766
26.4288,416.776
24.1122,425.585
31.5544,384.658
64.9237,440.898
27.4144,427.118
65.7121,443.036
10.7716,406.107
22.4903,422.224
65.4438,445.174
68.0447,432.921
66.477,434.519
231.449,384.545
224.664,361.44
242.934,362.247
232.552,371.553
210.973,360.791
436.167,370.312
419.656,451.481
421.768,450.596
421.798,449.725
426.348,374.219
449.6,450.692
414.125,404.636
444.524,398.98
461.959,410.343
412.079,458.089
411.059,432.94
412.249,403.103
416.738,405.57
408.727,432.543
418.175,375.495
473.863,410.97
409.213,432.331
602.438,457.736
505.322,372.273
508.493,373.873
585.981,375.107
582.759,375.974
606.619,409.588
583.09,375.966
600.275,395.804
497.563,376.786
594.651,388.546
497.283,385.622
488.981,390.288
497.248,455.22
498.339,453.047
499.388,452.756
501.426,448.714
495.657,474.946
539.999,376.81
547.31,376.848
536.264,376.181
551.137,376.353
543.652,376.977
541.962,372.077
613.979,440.464
554.814,375.715
503.468,363.773
617.062,423.133
534.935,380.311
534.719,371.123
543.807,370.548
621.972,422.413
629.024,441.994
538.144,371.735
553.136,371.676
540.146,370.562
570.075,368.695
530.904,370.668
545.853,371.783
529.094,374.708
566.215,370.136
651.729,382.913
751.251,380.827
748.647,382.06
662.727,378.304
748.914,381.9
768.118,401.694
666.446,380.714
760.755,395.154
774.115,471.292
643.93,397.72
662.567,378.224
744.518,383.687
657.461,377.529
773.081,469.168
751.341,372.469
664.367,374.89
781.912,431.758
754.696,372.289
703.574,382.489
705.052,377.755
728.012,373.03
779.602,413.708
701.036,377.349
737.944,368.926
720.119,375.63
681.073,369.968
734.01,370.893
709.098,377.799
713.115,377.658
690.958,373.39
731.958,371.505
723.97,373.475
724.075,374.706
730.021,372.276
697.09,376.881
707.118,375.785
687.049,372.382
711.173,376.01
684.957,371.883
698.822,375.842
25.6752,492.91
16.6784,501.606
34.1681,495.936
37.1284,491.198
35.2747,493.982
31.9733,498.999
28.8438,501.311
122.32,527.348
80.3167,517.263
78.0983,519.622
32.8284,485.183
119.823,528.839
316.914,521.346
313.477,552.498
397.106,556.481
398.788,521.337
394.713,522.142
399.078,521.573
400.979,522.969
399.144,538.149
395.257,555.61
397.617,554.214
427.786,535.966
393.724,519.116
409.052,548.005
403.041,500.266
410.054,539.027
413.049,508.466
414.053,499.42
400.465,500.814
415.056,489.628
411.041,548.359
411.089,528.11
416.458,500.029
400.994,500.276
414.51,519.01
412.45,539.512
416.019,500.306
412.106,518.508
412.052,539.035
414.984,510.62
415.034,509.285
411.072,529.904
414.099,518.846
390.848,560.58
413.062,529.372
413.023,530.55
407.077,564.933
394.136,582.197
404.054,490.314
408.06,556.879
418.516,519.69
402.023,490.314
396.526,498.607
605.351,492.923
634.432,492.297
604.388,494.774
603.23,493.746
495.383,486.2
494.21,484.078
496.862,486.107
496.435,487.916
619.612,545.9
604.983,483.276
581.654,488.323
590.392,482.457
533.246,485.299
565.506,488.119
581.161,490.669
612.295,509.019
533.612,487.596
565.255,489.647
775.424,503.754
773.351,505.789
774.47,505.525
778.767,494.069
778.026,480.976
699.185,490.969
764.552,492.299
691.121,495.21
763.316,492.392
644.708,492.368
764.138,490.126
716.332,489.293
707.099,497.138
675.516,495.144
731.342,490.344
669.411,486.264
658.915,493.216
684.621,487.377
699.539,488.308
675.166,496.652
754.236,500.153
706.737,498.653
690.77,497.691
722.063,499.715
715.718,487.175
733.813,488.102
658.988,495.688
