17.633,21.8219
155.357,81.5162
10.7583,26.163
25.7772,13.7507
155.258,89.1006
248.487,18.8018
248.308,16.9062
254.707,58.127
218.821,78.9552
207.732,63.2146
206.605,63.241
254.329,56.3777
258.79,37.0106
257.993,37.7111
219.584,89.9926
240.586,71.0861
255.203,45.5112
193.183,69.1706
200.134,47.9127
182.24,26.2153
256.445,45.6504
230.85,94.0881
201.572,46.3887
224.556,105.959
212.642,51.1283
190.682,34.1604
205.305,62.4619
199.171,97.0317
220.855,77.4322
210.023,105.733
240.723,81.665
180.74,102.998
180.251,103.78
221.219,103.672
220.997,49.4142
210.715,99.362
196.89,87.8326
211.87,91.911
196.772,85.9332
215.381,78.4215
183.746,102.62
200.188,62.168
256.419,30.6042
412.681,10.8639
389.008,24.745
474.844,116.066
400.672,17.8861
381.614,28.9797
398.95,18.8458
386.032,26.2121
383.784,27.8032
411.002,11.8333
392.114,22.9506
625.107,73.5377
614.423,78.0599
587.248,90.9238
560.241,103.418
626.615,68.7707
544.703,106.132
604.645,56.8175
571.781,94.0943
605.996,57.456
544.562,108.492
570.669,94.4597
599.174,81.1968
598.604,80.703
544.654,105.775
498.799,105.328
551.39,82.2185
593.088,57.7439
532.294,108.973
576.06,69.7456
573.596,77.2308
593.063,57.6774
514.546,96.8192
622.711,44.7936
571.08,93.4687
526.01,94.591
549.406,81.9411
579.554,69.3548
594.369,52.0246
584.698,66.9107
567.019,78.9779
595.055,65.6325
567.245,77.2137
613,54.2538
611.97,56.5731
602.043,64.9182
575.819,79.6071
554.539,81.2856
675.81,47.8181
682.561,49.4324
668.348,55.8122
711.518,35.0276
655.927,58.1535
692.721,31.2727
692.024,38.787
692.224,38.0624
695.735,74.5322
696.829,23.7418
708.162,42.2271
657.337,52.6653
703.125,41.0921
663.199,87.7167
694.948,18.7747
724.387,28.6781
669.364,85.6342
676.152,82.8625
59.9652,214.367
57.1973,208.021
94.0908,195.031
59.3718,225.134
39.7285,220.057
32.953,206.016
42.6281,219.944
15.9426,214.97
47.4208,211.221
58.9385,226.89
54.3398,222.837
37.9908,209.237
103.925,189.86
141.151,168.774
29.7832,204.488
33.1677,208.19
42.703,210.237
28.5681,205.072
40.9906,207.877
83.5259,189.476
51.53,222.195
15.7352,204.358
20.6561,215.987
17.9686,202.748
28.9395,207.321
43.7821,208.369
150.929,173.297
71.3744,219.441
38.4991,207.266
248.765,202.775
261.297,214.248
286.253,194.639
235.989,228.638
285.974,190.639
253.953,221.882
274.138,212.285
243.152,221.947
298.904,210.327
305.934,225.511
227.006,218.443
303.321,225.356
266.413,194.129
282.65,191.89
231.723,210.649
254.092,222.119
306.069,225.546
267.863,194.015
303.259,225.257
214.97,234.546
312.078,198.8
261.915,201.106
300.745,193.093
215.248,219.745
261.306,206.635
243.933,209.826
242.201,215.448
313.735,206.761
264.767,203.651
242.495,215.133
165.334,154.765
238.252,204.284
186.055,142.773
228.857,236.242
238.505,203.512
312.453,194.301
198.113,135.816
189.139,140.91
257.388,195.689
298.861,205.147
377.134,180.616
396.4,172.413
395.903,171.799
371.956,182.758
385.231,168.541
385.017,166.939
357.917,187.422
357.989,188.509
378.953,202.86
365.071,183.37
417.398,163.02
364.754,179.223
381.886,201.854
418.379,164.504
386.169,200.012
393.095,185.757
393.373,197.411
395.745,158.036
341.014,200.315
395.255,166.362
493.025,128.147
760.212,128.302
784.083,173.598
755.622,133.986
772.981,125.503
772.637,122.914
152.005,331.347
155.728,277.815
41.3073,288.331
20.7011,285.134
136.582,340.953
153.252,334.083
99.2486,298.392
81.3153,294.597
41.5212,288.431
91.1715,291.776
157.399,349.113
103.356,307.916
61.0475,292.94
116.867,352.869
81.2695,294.466
71.7758,289.896
133.904,287.781
51.3114,286.899
31.4656,283.719
156.831,338.91
123.817,293.515
149.797,345.775
91.9092,286.054
32.5634,277.057
91.528,286.86
149.382,342.998
91.9358,283.054
33.0894,272.698
72.3923,283.777
89.9412,306.339
33.1783,270.199
35.1199,338.158
53.3811,281.519
178.675,267.103
191.865,317.864
184.688,261.287
209.129,314.503
184.37,290.696
182.761,309.388
186.253,328.834
197.21,256.287
192.114,262.659
186.205,330.692
210.059,251.085
188.59,328.883
375.412,265.083
350.707,264.91
379.775,298.953
389.302,251.936
354.111,301.227
378.313,297.002
353.297,301.539
355.568,304.078
372.72,295.904
379.444,288.447
354.728,305.896
371.769,250.054
375.189,297.794
374.427,297.706
386.264,263.137
390.184,280.845
349.304,275.972
371.284,291.396
392.009,279.788
328.104,249.066
366.338,305.265
366.692,306.817
370.974,276.14
370.005,310.967
152.472,381.201
135.468,379.885
134.13,386.551
135.814,369.83
254.899,472.771
253.655,466.863
225.054,464.313
222.748,442.134
223.974,439.675
254.285,459.341
254.31,434.875
231.371,467.98
237.298,453.071
233.513,468.166
233.633,470.753
235.8,469.227
217.637,471.017
229.022,450.165
248.768,478.008
236.634,421.324
239.387,451.535
229.695,452.693
214.719,469.367
268.848,452.094
246.268,425.889
284.417,471.324
237.003,459.687
216.364,432.042
258.596,425.544
205.256,459.083
261.241,447.903
259.045,444.817
264.26,453.659
259.214,447.935
208.527,366.499
247.927,463.084
261.089,463.244
260.516,444.888
225.808,485.948
224.736,507.933
226.005,496.978
225.14,512.128
261.952,490.847
242.059,519.837
248.287,500.836
231.087,504.216
219.792,498.98
271.348,494.874
271.639,493.096
244.305,531.712
271.89,507.464
244.47,530.422
217.69,490.353
243.334,533.277
252.197,535.214
239.173,498.639
240.996,512.008
219.717,517.881
247.098,494.407
219.668,501.689
431.905,571.334
432.851,571.5
427.134,568.475
