386.598,60.1407,128.872,18.0233
383.898,57.7334,125.865,15.3208
380.902,100.066,123.705,59.9764
561.807,64.8924,310.773,32.0153
576.143,70.8121,325.049,38.6788
603.893,77.9073,352.283,47.0686
582.616,67.3163,331.332,35.465
592.716,73.8281,341.337,42.479
586.155,71.06,334.874,39.3965
566.235,71.5218,315.296,38.9295
652.046,67.1951,398.205,38.5978
684.51,64.5464,428.641,37.4838
667.675,65.609,412.913,37.7531
768.46,55.6081,505.116,32.6754
699.984,61.5163,442.95,35.2317
700.522,60.3315,443.429,34.0989
466.125,211.81,216.774,178.591
344.16,237.13,86.3174,203.714
332.495,195.094,72.2822,159.035
339.095,222.904,80.3368,188.628
338.962,223.184,80.1952,188.923
350.714,214.787,93.0634,180.193
360.189,218.226,103.62,183.942
464.106,223.124,214.879,190.148
347.117,206.537,88.8758,171.423
358.508,235.916,102.176,202.539
348.426,225.118,90.7698,191.071
341.885,230.075,83.618,196.242
427.184,175.818,175.322,140.859
425.085,173.811,173.044,138.726
321.772,190.548,60.1154,153.98
450.055,210.139,200.056,176.691
458.89,218.27,209.39,185.131
369.108,120.964,111.216,81.5493
377.788,142.019,121.231,104.099
454.546,214.267,204.807,180.981
342.733,197.51,83.782,161.793
395.901,159.087,141.35,122.598
638.021,205.433,386.838,174.21
578.883,179.702,329.638,147.881
595.013,187.943,345.434,156.358
577.809,177.081,328.555,145.249
620.352,192.541,369.878,161.305
593.57,188.557,344.043,156.943
584.515,187.009,335.225,155.255
623.024,200.541,372.521,169.218
625.119,201.009,374.525,169.706
625.203,203.235,374.63,171.896
627.139,199.213,376.431,167.968
595.377,183.08,345.727,151.541
604.854,182.127,354.876,150.767
718.062,174.919,460.947,145.809
718.263,177.762,461.153,148.548
717.081,157.682,459.914,129.186
702.839,185.567,447.106,155.806
678.607,191.467,424.778,161.138
672.955,198.88,419.59,168.258
661.091,204.036,408.558,173.123
707.512,188.427,451.416,158.64
652.042,171.956,399.737,141.655
709.912,166.589,453.433,137.62
672.808,198.266,419.447,167.659
658.819,202.559,406.414,171.656
664.831,196.775,411.987,166.1
664.68,198.925,411.867,168.191
669.515,165.481,416.064,135.694
666.297,196.547,413.356,165.898
283.125,309.812,19.5408,281.157
293.141,292.78,30.5345,262.866
316.064,309.423,56.9154,280.278
287.428,293.827,24.0401,264.037
378.368,286.432,125.208,255.463
352.656,339.391,98.402,311.143
352.959,341.701,98.783,313.55
350.76,341.418,96.3738,313.308
350.519,340.418,96.0885,312.268
376.528,260.736,122.507,228.627
336.37,357.156,80.7736,330.138
400.011,280.991,148.396,249.647
369.367,259.988,114.662,227.842
405.687,342.003,155.77,312.627
347.178,244.797,89.851,211.821
497.498,307.66,250.464,275.909
574.955,307.735,327.44,274.929
516.445,306.626,269.561,274.61
595.146,308.516,347.11,275.45
614.78,310.117,365.988,276.759
585.192,299.022,337.36,266.219
574.475,307.488,326.969,274.691
526.115,303.722,279.201,271.573
489.372,301.365,242.11,269.66
585.407,299.459,337.577,266.648
505.428,304.176,258.432,272.293
595.261,308.371,347.219,275.306
605.429,293.887,356.804,260.949
545.134,298.834,298.041,266.462
565.224,292.581,317.736,260.034
506.983,301.347,259.958,269.427
625.933,294.078,376.387,260.937
507.393,292.234,260.232,260.25
605.291,294.842,356.694,261.891
605.418,292.504,356.762,259.588
526.862,294.493,279.813,262.322
535.358,308.186,288.476,275.914
771.484,313.633,509.994,278.008
771.811,312.545,510.265,276.976
702.127,310.327,447.593,275.788
747.499,313.123,488.664,277.85
702.054,311.795,447.553,277.198
747.727,312.076,488.849,276.853
679.778,309.708,427.038,275.487
736.398,301.183,478.632,266.662
736.852,296.106,478.951,261.819
725.363,311.475,468.735,276.578
760.353,297.128,499.985,262.561
724.765,314.723,468.231,279.682
760.071,296.863,499.73,262.312
715.004,300.798,459.283,266.527
691.097,294.783,437.312,260.992
714.524,299.019,458.814,264.828
690.854,295.309,437.099,261.501
669.006,295.59,416.899,261.987
691.919,300.591,438.18,266.581
691.045,298.011,437.327,264.104
647.296,293.872,396.569,260.529
275.6,450.763,14.6822,431.288
274.257,459.193,13.3697,440.289
276.093,460.331,15.4912,441.385
293.731,437.456,34.9043,416.248
303.47,433.137,45.8615,411.216
288.792,469.944,30.2214,450.778
302.279,435.009,44.5672,413.245
291.134,407.431,31.1868,384.66
265.832,435.998,3.09937,416.153
282.036,405.344,20.8372,382.847
270.339,441.063,8.41275,421.295
286.065,446.187,26.4339,425.867
310.746,445.208,54.3438,423.523
274.452,426.717,12.739,405.864
324.429,388.297,68.2395,363.19
326.031,396.442,70.225,371.674
333.553,385.178,78.3192,359.592
341.637,386.941,87.3095,361.147
337.957,374.897,82.9581,348.678
331.356,403.343,76.295,378.688
324.876,418.438,69.4525,394.767
329.914,364.651,73.7768,338.187
488.908,393.393,243.11,362.404
483.676,368.112,237.385,337.142
576.122,424.429,330.138,389.796
511.135,388.989,265.469,357.205
508.744,384.098,262.995,352.398
518.27,363.264,272.234,331.281
508.352,383.962,262.599,352.275
507.996,382.054,262.212,350.378
489.242,385.866,243.329,354.83
768.342,414.849,507.868,373.101
747.754,432.779,489.737,390.706
690.689,408.471,437.994,369.886
703.113,429.747,449.522,389.661
722.713,458.012,467.468,415.556
764.803,405.356,504.681,364.333
786.182,408.075,523.502,366.142
665.13,444.369,414.768,405.239
682.035,395.05,429.925,357.362
783.873,409.087,521.487,367.165
660.021,471.156,410.288,431.134
662.836,442.739,412.625,403.78
663.264,443.289,413.028,404.288
744.945,438.762,487.276,396.444
712.838,428.335,458.342,387.927
661.943,471.594,412.076,431.455
678.065,396.98,426.284,359.343
279.669,523.698,21.2752,507.989
281.196,499.306,22.2963,482.195
275.351,517.855,16.1332,502.159
284.327,519.146,26.4444,502.85
291.127,514.918,34.0327,497.904
293.254,511.789,36.3544,494.466
330.832,538.836,78.9124,519.809
330.24,541.568,78.3245,522.687
370.517,548.63,122.366,526.742
368.33,547.025,119.964,525.271
569.205,491.997,324.302,456.298
564.457,555.048,320.508,518.159
563.577,555.512,319.66,518.677
572.854,493.686,327.861,457.732
560.851,558.032,317.039,521.337
568.549,559.267,324.535,521.962
757.12,518.556,498.603,470.507
756.312,499.945,497.791,453.196
754.265,536.432,496.224,487.347
755.257,536.448,497.102,487.298
669.841,492.306,419.58,450.814
671.948,491.497,421.517,449.925
737.827,498.284,481.349,452.669
765.311,526.037,505.876,476.978
658.732,504.593,409.389,463.179
772.247,503.95,511.863,456.039
662.078,499.29,412.458,457.92
773.448,527.047,513.031,477.419
649.09,569.208,401.101,525.505
