389.204,100.05,179.529,34.4756
534.513,35.9004,337.673,5.70691
561.034,28.2395,364.596,4.67859
545.769,29.8715,349.628,2.51508
561.22,28.5121,364.727,4.99368
628.147,25.6031,428.264,18.3997
661.973,113.997,444.086,111.264
645.867,114.944,429.162,108.723
643.868,114.752,427.356,108.109
653.938,89.8611,440.991,86.416
739.5,24.408,528.736,43.1687
654.837,91.6972,441.5,88.3798
695.14,26.6492,489.076,35.15
770.15,18.9431,556.297,44.9402
694.423,30.3504,487.804,38.5163
681.038,23.4075,476.96,28.7772
729.983,21.3146,520.905,38.0822
707.784,20.2705,501.444,31.9936
774.968,19.2164,560.402,46.2755
759.96,18.446,547.569,42.1813
460.514,145.076,244.804,97.2875
460.344,148.386,244.026,100.58
446.953,155.594,229.087,104.802
329.041,147.588,106.364,68.8183
407.669,173.474,185.264,114.029
394.036,130.134,179.029,66.5312
424.463,160.696,205.054,104.847
344.657,155.974,121.7,81.3222
449.958,158.497,231.62,108.413
419.007,168.061,198.051,111.09
461.79,139.994,247.027,92.466
388.026,163.791,166.467,99.6176
399.189,141.558,182.31,79.4595
368.559,161.056,146.359,92.2567
343.16,157.631,119.775,82.6837
372.071,168.871,148.64,101.132
373.959,171.951,150.073,104.741
379.173,181.091,153.904,115.34
372.617,160.343,150.807,92.4758
435.783,144.867,219.625,91.3933
391.701,156.978,171.598,93.4882
593.831,151.8,374.079,133.222
577.941,142.788,360.604,121.056
577.856,143.114,360.465,121.356
582.754,149.354,364.011,128.49
625.274,164.845,401.265,152.386
628.007,132.308,409.577,121.604
585.201,136.666,368.605,116.653
631.3,140.907,411.109,130.582
727.1,139.648,498.092,149.048
709.159,147.134,480.849,152.5
641.045,170.018,414.978,160.567
709.382,148.913,480.738,154.223
716.878,152.898,486.719,159.474
684.844,155.588,457.537,155.619
643.777,158.839,419.476,150.398
648.655,135.46,428.099,128.991
662.236,158.174,436.54,153.518
669.911,160.918,443.057,157.685
648.82,151.169,425.476,144.079
694.722,154.654,466.603,156.715
658.962,155.945,433.938,150.724
693.954,153.669,466.085,155.629
678.155,164.574,449.905,162.817
645.8,152.119,422.528,144.369
645.642,143.404,423.923,135.979
644.255,152.242,421.083,144.168
703.845,185.024,469.479,187.222
269.467,275.66,16.2443,189.574
279,271.811,27.6978,187.556
298.222,271.685,49.176,191.524
259.708,271.264,6.03864,182.819
259.629,273.951,5.43939,185.648
279.29,259.989,30.257,175.159
278.91,265.698,28.7519,181.094
298.541,262.315,51.2939,181.769
327.295,275.42,80.4991,201.526
385.838,275.611,143.533,213.733
447.437,275.802,207.651,226.116
346.834,275.274,101.86,205.452
352.838,324.247,99.2593,257.221
353.185,324.918,99.5091,257.979
426.623,276.087,186.159,222.332
459.015,266.573,221.191,219.116
356.496,260.699,114.963,192.385
375.999,260.814,135.798,196.551
365.552,276.932,121.708,210.994
356.52,261.376,114.871,193.092
336.479,262.531,92.9901,190.09
468.245,325.745,219.764,280.095
336.675,264.159,92.9032,191.822
457.078,266.565,219.219,218.728
454.93,330.725,205.32,282.704
385.978,263.186,145.974,201.044
375.692,260.875,135.461,196.55
366.217,263.12,124.965,196.911
458.106,261.817,221.081,214.141
468.483,276.601,228.955,230.992
336.573,261.704,93.2469,189.252
438,266.458,199.7,214.86
509.655,276.759,270.198,238.981
488.765,277.956,249.164,236.226
631.179,268.08,388.595,252.835
619.733,279.172,375.908,261.44
597.575,277.354,355.342,255.731
632.512,268.008,389.848,253.004
597.639,280.701,354.823,258.988
500.868,266.94,263.267,227.592
575.634,278.953,334.155,253.329
520.542,262.242,283.56,226.681
586.473,262.928,347.338,239.721
586.488,262.581,347.411,239.385
770.078,280.067,511.557,287.951
665.686,279.706,418.416,270.008
736.753,280.262,482.291,282.614
736.427,279.094,482.195,281.464
760.093,280.821,502.723,287.01
677.426,268.045,431.191,260.981
712.453,278.369,460.986,276.747
665.635,278.2,418.62,268.561
689.129,278.403,439.983,272.804
724.834,268.784,473.723,269.868
712.924,279.844,461.161,278.218
700.933,268.718,452.354,265.704
700.861,278.296,450.593,274.708
665.556,281.638,417.958,271.823
736.747,282.651,481.874,284.846
771.954,264.016,515.928,273.379
772.467,269.039,515.549,278.138
771.685,267.235,515.165,276.329
772.199,264.123,516.123,273.52
700.421,263.378,452.779,260.558
781.74,333.066,512.572,338.796
677.379,263.288,431.94,256.441
426.348,374.219,167.907,321.47
412.079,458.089,137.608,403.913
411.059,432.94,141.175,378.327
412.249,403.103,147.895,348.316
408.727,432.543,138.797,377.562
418.175,375.495,159.159,321.367
602.438,457.736,328.015,430.538
508.493,373.873,251.541,334.814
583.09,375.966,324.033,348.781
600.275,395.804,336.915,370.587
497.563,376.786,240.101,335.911
499.388,452.756,228.224,411.347
501.426,448.714,230.995,407.647
547.31,376.848,289.272,343.992
536.264,376.181,278.58,341.575
551.137,376.353,293.092,344.117
503.468,363.773,248.353,324.003
534.935,380.311,276.534,345.413
543.807,370.548,286.978,337.269
621.972,422.413,352.711,399.323
629.024,441.994,355.89,419.047
553.136,371.676,295.874,339.869
540.146,370.562,283.393,336.692
570.075,368.695,312.815,339.669
529.094,374.708,271.793,338.977
566.215,370.136,308.831,340.456
662.727,378.304,398.423,363.215
768.118,401.694,488.952,400.221
643.93,397.72,377.624,378.901
662.567,378.224,398.29,363.115
751.341,372.469,479.249,370.781
703.574,382.489,434.923,373.203
724.075,374.706,454.677,368.901
730.021,372.276,460.399,367.499
698.822,375.842,431.787,366.256
316.914,521.346,23.2538,454.957
313.477,552.498,13.6361,486.761
397.106,556.481,103.795,501.433
399.078,521.573,112.285,466.335
400.979,522.969,114.043,468
399.144,538.149,109.317,483.129
397.617,554.214,104.753,499.201
427.786,535.966,139.857,484.575
403.041,500.266,120.386,445.295
400.465,500.814,117.561,445.494
411.041,548.359,120.026,494.949
400.994,500.276,118.219,445.022
390.848,560.58,96.3846,504.817
407.077,564.933,112.813,511.191
394.136,582.197,95.9246,527.115
404.054,490.314,123.28,435.361
402.023,490.314,121.134,435.075
496.862,486.107,219.678,443.945
496.435,487.916,218.923,445.674
619.612,545.9,328.746,517.192
604.983,483.276,325.898,455.42
590.392,482.457,312.112,452.749
612.295,509.019,328.321,481.042
778.767,494.069,482.409,486.734
699.185,490.969,412.105,474.462
669.411,486.264,385.682,466.388
699.539,488.308,412.872,472.004
733.813,488.102,443.751,475.937
658.988,495.688,374.435,474.033
