434.275,103.247,160.833,117.087
341.992,25.9748,51.6602,42.7514
349.483,24.7221,59.7561,41.0863
334.589,19.6826,42.647,36.5249
332.927,19.0136,40.7152,35.9019
353.665,22.9248,64.1196,39.0167
392.647,31.2169,107.525,45.7458
451.731,43.4439,171.557,55.3334
451.674,40.5605,171.136,52.4134
423.488,34.7129,140.837,47.8402
428.829,96.1396,154.221,110.208
451.356,40.88,170.845,52.753
423.906,34.9905,141.313,48.1034
393.33,28.2375,107.878,42.6448
509.146,51.2006,231.377,60.2479
525.238,47.8899,247.151,56.1456
481.821,56.093,204.197,66.5593
520.198,53.4249,242.776,61.905
500.219,51.8489,222.422,61.3492
512.08,62.7259,235.752,71.5973
513.421,59.0891,236.657,67.8989
513.887,48.8874,235.873,57.7016
494.453,63.1239,217.958,72.9432
656.959,86.7281,379.261,87.201
766.759,24.4771,472.093,23.0266
745.719,63.4666,457.651,60.5448
737.799,86.8536,453.094,82.9869
711.067,60.1603,426.104,59.0449
716.085,47.0589,429.157,46.3927
703.421,45.5232,417.428,45.4992
708.477,60.0727,423.732,59.0855
354.628,136.406,79.47,157.054
354.07,139.982,79.2936,160.82
426.242,132.629,155.87,147.632
362.506,150.649,89.7924,171.221
354.347,131.005,78.5072,151.455
411.156,163.373,143.58,180.279
406.665,175.732,140.286,193.334
391.699,157.988,122.203,176.38
395.4,167.68,127.323,186.042
446.365,167.39,181.029,181.419
396.389,165.648,128.137,183.867
367.56,148.087,94.9774,168.146
423.187,185.085,158.864,201.439
420.102,156.936,152.278,172.948
427.873,176.978,162.831,192.753
428.196,143.971,159.268,159.058
429.979,176.354,164.968,191.934
358.761,145.082,85.0371,165.745
434.21,176.099,169.371,191.307
402.139,136.899,130.84,153.844
411.057,165.49,143.727,182.456
434.206,125.582,163.406,139.854
429.412,172.827,163.956,188.388
443.502,142.863,175.164,156.74
395.38,156.169,125.925,174.2
427.278,174.486,161.912,190.263
403.78,165.468,135.996,183.052
567.914,226.274,310.183,229.444
488.103,143.022,221.152,153.493
556.906,223.916,299.16,228.152
532.494,230.788,275.868,237.257
497.878,225.012,240.548,234.839
558.407,234.942,301.876,238.871
599.446,205.146,338.306,205.927
530.184,230.246,273.513,236.942
502.45,225.883,245.262,235.269
551.968,223.106,294.222,227.814
484.208,222.937,226.447,234.079
498.619,227.062,241.533,236.818
529.596,232.136,273.144,238.873
501.599,212.385,242.849,221.859
495.608,214.034,236.986,224.068
546.189,231.907,289.535,237.049
483.037,212.884,224.089,224.095
490.004,223.917,232.45,234.503
492.961,226.452,235.74,236.757
591.577,222.202,332.647,223.272
736.464,218.694,465.991,207.385
760.135,200.182,484.935,188.101
740.832,210.167,468.958,199
747.245,229.076,476.647,216.25
723.642,221.198,454.833,210.813
664.861,161.756,395.019,158.78
754.116,218.006,481.531,205.288
658.216,165.97,389.339,163.31
691.312,143.868,417.321,139.832
655.27,167.936,386.826,165.417
646.62,173.835,379.44,171.743
652.347,169.761,384.315,167.389
749.059,201.85,475.354,190.527
749.144,201.871,475.431,190.54
766.865,232.341,494.239,217.652
709.57,131.452,432.542,126.83
408.091,325.323,159.673,346.349
338.264,266.942,77.502,294.628
338.379,265.724,77.4727,293.346
419.72,278.753,166.402,297.368
328.773,255.585,65.6935,283.858
358.462,269.996,99.9297,295.448
350,256.272,89.0518,282.168
350.298,254.461,89.1356,280.255
350.328,254.107,89.1212,279.885
329.375,253.264,66.0461,281.368
419.262,278.082,165.848,296.735
439.085,282.928,187.035,299.408
358.906,271.719,100.63,297.181
399.119,277.527,144.508,298.491
370.706,256.905,111.574,280.499
379.081,272.331,122.469,295.471
438.587,281.347,186.331,297.86
390.175,259.843,132.831,281.351
430.674,265.896,176.263,283.05
410.734,262.813,155.02,282.106
370.805,257.381,111.744,280.979
469.794,270.04,217.206,282.929
369.327,261.591,110.707,285.489
390.382,259.906,133.06,281.393
450.089,267.268,196.608,282.297
430.021,267.952,175.823,285.215
552.748,298.674,303.542,302.236
534.244,294.863,284.9,300.552
496.223,290.773,246.46,300.78
515.175,292.262,265.653,300.119
534.271,294.443,284.879,300.133
518.856,356.442,276.665,363.456
571.208,301.676,321.873,303.115
613.918,316.177,364.463,312.446
571.249,300.35,321.764,301.811
491.54,338.164,247.2,348.73
543.85,291.438,293.987,296.092
630.584,299.249,378.298,294.227
589.7,303.92,339.977,303.243
526.315,278.364,275.161,285.077
634.144,292.546,380.881,287.378
518.362,346.004,274.98,353.155
518.26,351.523,275.51,358.649
519.316,347.246,276.071,354.268
515.534,292.372,266.024,300.188
525.312,288.485,275.32,295.23
545.139,281.28,294.103,285.92
488.768,273.641,236.946,284.465
611.208,315.283,361.791,311.885
673.177,277.131,415.24,268.588
685.711,271.521,426.061,262.001
699.125,323.464,443.82,310.024
719.806,319.124,461.9,303.686
691.818,296.011,434.254,284.71
720.428,320.551,462.608,304.967
696.071,335.48,442.362,321.769
695.407,333.932,441.595,320.373
699.018,265.806,437.503,255.282
660.469,337.387,410.158,327.613
662.209,283.085,405.83,275.386
295.343,470.54,54.9699,514.133
261.042,398.162,7.29422,443.447
256.755,382.762,0.496948,427.746
394.568,455.113,160.838,481.129
403.177,390.352,162.211,413.524
405.917,361.497,161.675,383.627
394.753,441.805,159.449,467.472
398.439,419.685,160.703,444.246
399.019,468.098,167.062,493.678
398.021,394.687,157.298,418.716
561.761,366.019,319.94,367.382
507.15,381.232,267.832,389.653
757.183,464.391,510.31,435.511
748.288,461.318,502.218,433.865
746.039,458.283,499.927,431.333
749.495,463.984,503.557,436.192
733.291,440.996,486.882,416.852
768.262,438.749,517.237,410.108
766.273,435.587,515.177,407.422
780.026,454.07,529.018,422.795
722.729,468.941,480.523,444.586
782.683,457.095,531.624,425.246
768.489,453.877,519.026,424.166
767.139,446.786,517.109,417.743
783.07,460.296,532.293,428.164
785.282,460.47,534.213,428.026
659.975,364.813,412.697,353.944
396.959,486.374,167.061,512.717
392.06,523.605,166.322,551.677
391.981,558.75,170.414,587.648
774.659,496.597,528.854,463.042
774.459,494.259,528.436,460.899
778.334,495.197,531.875,461.214
746.213,509.974,505.558,479.682
