318.272,58.451,88.8634,97.8441
254.463,15.0705,15.2693,60.2001
245.354,54.2248,11.3494,101.211
247.978,57.6902,14.668,104.482
245.404,52.1016,11.0877,99.0306
255.67,67.2485,24.2881,113.436
267.564,79.9979,38.8081,125.16
267.085,79.417,38.2148,124.62
266.791,64.6931,35.7254,109.626
254.305,76.7585,24.244,123.312
263.295,68.0476,32.5128,113.427
252.177,78.7514,22.2723,125.587
262.464,106.221,37.2812,152.508
270.766,61.1548,39.4138,105.592
270.905,107.582,46.4232,152.921
274.57,57.009,42.8259,100.963
281.556,81.834,53.8649,125.489
275.815,56.1391,44.0136,99.945
263.701,94.9843,36.9302,140.89
282.79,111.351,59.5188,155.386
271.904,97.8275,46.0377,142.86
281.343,84.4476,54.0261,128.172
263.594,74.934,33.8493,120.427
312.549,114.315,91.1025,154.96
282.0,81.6366,54.3036,125.239
306.736,110.226,84.4453,151.488
310.708,60.9591,81.3542,101.171
263.192,112.95,39.0495,159.296
271.86,83.2866,43.8422,128.039
269.141,99.2783,43.3294,144.654
309.702,59.4493,80.0833,99.7483
271.864,103.028,46.764,148.167
262.108,85.2577,33.8,131.135
270.467,102.349,45.1863,147.635
289.972,71.323,61.1717,113.884
311.342,93.7063,86.8213,134.242
291.703,105.749,68.0599,148.666
292.971,100.79,68.6598,143.485
310.851,104.116,87.8376,144.833
304.081,72.8605,76.1836,113.926
301.144,90.7607,75.7439,132.391
293.031,103.452,69.1146,146.181
257.725,99.1734,31.2048,145.851
290.461,100.272,65.9497,143.243
313.709,72.6346,86.1948,112.665
303.297,83.7135,76.959,125.01
274.273,85.2545,46.6841,129.777
292.611,96.2032,67.6067,138.867
310.274,97.092,86.2055,137.788
284.863,76.3975,56.5462,119.596
313.934,76.7735,87.0362,116.827
299.469,80.2982,72.4529,121.966
299.619,83.3187,73.0541,125.013
299.024,77.8308,71.6241,119.511
282.495,103.548,58.0572,147.48
299.593,79.0562,72.4001,120.692
450.36,99.5365,228.773,124.938
327.284,112.565,106.139,151.504
337.439,77.1722,111.459,114.707
336.246,76.222,110.088,113.877
457.624,58.8521,230.125,84.1022
339.387,81.4529,114.093,118.807
442.097,60.8596,215.039,87.625
438.336,62.9909,211.608,90.1068
439.75,61.0428,212.734,88.0404
459.841,58.4435,232.255,83.4809
460.791,59.7435,233.378,84.6664
447.441,52.1757,219.096,78.5254
433.257,67.6707,207.226,95.2458
325.775,67.0797,97.9179,105.771
441.479,106.113,220.919,132.381
382.082,67.9889,155.814,100.803
415.866,54.3407,187.927,83.7885
374.736,60.2491,147.224,93.8253
441.556,106.289,221.02,132.547
379.023,69.9313,152.989,103.061
413.146,52.517,184.936,82.2492
428.91,72.9481,203.652,100.911
324.548,64.8909,96.3252,103.692
413.13,54.9407,185.269,84.657
339.143,65.3427,111.489,102.617
375.235,72.3584,149.489,105.881
376.278,72.2524,150.535,105.666
463.383,102.329,242.021,126.3
383.057,61.7565,155.901,94.4806
458.889,48.2894,229.863,73.5794
425.024,70.2897,199.39,98.6765
372.755,57.8315,144.855,91.6097
461.584,103.752,240.453,127.892
339.096,62.413,111.013,99.6726
413.937,51.8734,185.637,81.5318
457.395,114.543,237.869,138.968
338.589,62.6869,110.53,100.001
402.905,72.7411,177.557,103.385
397.393,73.5554,172.117,104.767
476.499,112.263,256.315,134.655
369.258,77.8462,144.198,112.0
378.864,56.5221,150.883,89.6799
400.012,110.483,180.096,141.249
377.445,56.9794,149.506,90.2808
463.158,106.636,242.415,130.561
450.887,46.4997,221.696,72.5922
587.938,78.7369,358.564,90.6344
589.613,100.929,363.245,111.806
588.084,102.833,362.074,113.793
582.574,96.9176,356.057,108.66
580.863,95.0476,354.182,107.033
589.544,101.345,363.239,112.213
580.874,110.681,356.383,122.086
596.22,93.1182,368.358,103.635
588.042,62.5661,356.398,75.0743
596.409,109.381,370.808,119.233
515.631,110.17,294.065,128.425
586.469,102.691,360.534,113.821
594.387,95.5109,366.972,106.117
578.275,92.3132,351.356,104.66
598.894,111.252,373.399,120.774
598.844,90.2856,370.422,100.654
510.407,116.524,289.918,135.177
577.37,91.624,350.405,104.087
599.933,88.7673,371.231,99.0892
510.981,104.645,288.789,123.53
521.774,115.86,300.794,133.313
522.131,103.258,299.354,121.01
524.795,100.943,301.592,118.48
509.903,41.2942,278.762,61.8571
506.84,51.8962,277.296,72.49
509.319,50.9444,279.564,71.3239
504.968,110.322,283.773,129.706
633.059,97.3105,403.272,103.976
595.734,39.1837,360.363,51.8927
581.541,39.7703,347.076,53.7479
496.885,42.3135,266.261,64.0792
500.029,31.9943,267.855,53.7009
581.209,82.4092,352.737,94.829
582.093,83.6172,353.74,95.9047
584.323,32.1767,348.639,46.1882
511.77,41.8776,280.653,62.2505
527.622,97.9268,303.885,115.254
597.727,38.815,362.183,51.3581
577.606,43.6476,343.901,57.8423
598.938,39.5158,363.418,51.921
512.141,42.6227,281.118,62.9421
571.26,91.6258,344.628,104.702
598.146,40.7201,362.843,53.1487
576.423,43.5338,342.766,57.8417
505.414,53.9314,276.201,74.6132
594.355,81.6356,365.002,92.792
620.408,98.748,391.734,106.611
505.035,54.4055,275.901,75.1124
580.638,86.7302,352.804,99.0461
527.685,100.487,304.307,117.736
521.631,90.8132,297.111,108.95
571.055,47.6838,338.266,62.3389
528.227,97.3431,304.384,114.624
595.992,84.5858,366.951,95.4646
504.888,34.2488,272.897,55.4518
496.36,39.8099,265.394,61.6813
523.193,49.8277,292.817,68.9136
505.207,38.6491,273.832,59.7169
619.203,100.597,390.871,108.5
503.237,58.6777,274.762,79.4574
511.528,91.7133,287.484,110.863
511.295,78.5027,285.385,98.0051
580.142,30.903,344.512,45.3378
492.487,40.431,261.708,62.6537
576.771,28.2069,340.947,43.0432
580.69,69.1738,350.393,82.1359
524.518,91.4003,299.975,109.226
532.046,34.3916,299.158,53.0814
579.95,68.5231,349.603,81.5806
617.3,97.3708,388.651,105.604
529.125,38.3245,296.904,57.172
630.121,13.9463,388.965,24.7105
602.74,27.9324,365.366,40.4688
511.238,30.6634,278.548,51.3674
622.697,25.1042,383.614,36.0057
563.396,78.5904,335.341,92.9034
610.086,76.5527,379.023,86.3852
603.222,17.9152,364.42,30.8213
564.534,81.1719,336.784,95.2842
503.469,101.413,281.055,121.165
571.154,32.3332,336.206,47.5253
582.629,20.9605,345.469,35.5461
626.938,24.368,387.457,34.9324
589.353,19.9464,351.669,33.9806
554.971,34.5033,321.124,51.09
600.505,66.6707,368.68,77.8313
781.508,68.9092,533.268,63.2182
748.992,54.1543,502.223,52.4287
741.706,17.9832,491.119,19.155
750.811,54.488,503.886,52.5798
761.37,41.7061,511.785,39.6679
762.619,41.6646,512.886,39.5219
756.304,58.9879,509.578,56.2482
759.234,45.0068,510.341,42.9305
781.498,104.547,538.091,96.339
739.784,73.7124,497.009,71.4768
741.375,77.6095,498.959,74.9778
785.193,110.37,542.124,101.395
741.065,95.895,501.179,92.1204
740.029,96.8791,500.39,93.1405
780.599,83.2266,534.41,76.6071
756.486,111.415,516.957,105.149
768.441,44.1911,518.38,41.3751
663.433,94.2473,430.816,98.0674
658.263,100.715,426.971,104.716
669.648,99.7465,437.261,102.672
669.751,87.1435,435.615,90.7174
752.652,80.924,509.444,77.0333
779.533,41.6992,527.827,38.1053
756.375,73.5908,511.709,69.853
756.894,72.0602,511.961,68.3773
757.075,108.351,517.061,102.232
658.135,88.5099,425.165,93.137
655.315,102.856,424.562,107.042
672.279,101.149,439.858,103.742
739.327,50.8443,493.479,50.1111
729.854,61.852,486.514,61.2688
672.522,85.0599,437.859,88.4767
767.214,68.0948,520.557,63.7454
757.332,81.7746,513.672,77.4032
758.654,82.5448,514.948,77.9994
756.401,105.262,516.044,99.4133
774.64,47.1914,523.989,43.6962
652.639,105.116,422.416,109.458
675.312,82.1989,440.011,85.5004
654.832,84.297,421.549,89.4543
778.817,22.9006,524.647,20.6913
653.696,83.0633,420.334,88.3913
779.567,13.6672,524.056,12.0478
754.855,104.321,514.545,98.6839
675.845,80.7254,440.294,84.0546
770.86,59.206,522.611,55.1325
773.17,93.9682,529.328,87.2893
668.849,27.6939,426.581,34.458
657.395,29.0241,416.256,36.7133
765.383,114.09,525.191,106.776
671.296,28.8866,428.986,35.3764
742.496,62.5281,497.901,60.7634
768.435,55.2823,519.612,51.7676
669.493,72.5382,433.363,76.8999
771.68,109.23,530.087,101.638
758.591,25.9469,507.177,25.2054
654.396,30.9387,413.763,38.7936
774.785,35.3538,522.782,32.6081
763.515,91.4178,520.458,85.8213
773.009,64.2486,525.151,59.6446
759.483,27.8767,508.231,26.9308
681.476,79.328,445.233,82.198
780.318,26.6148,526.473,24.0194
774.165,18.5702,519.957,17.0463
673.937,30.464,431.618,36.6414
651.734,33.1582,411.619,41.1362
651.122,31.9172,410.884,40.0102
784.423,45.8378,532.417,41.5951
761.938,25.9469,510.145,24.9261
767.112,55.9734,518.536,52.5277
757.486,23.1202,505.812,22.6602
748.874,66.5081,503.802,63.9834
767.405,12.2402,513.123,11.7043
655.348,75.2867,420.776,80.8435
675.995,34.0578,433.994,39.8646
655.477,77.6094,421.216,83.0381
778.262,116.019,536.516,107.377
762.743,22.0048,510.322,21.1844
265.007,218.963,56.6644,267.347
263.621,136.712,43.0217,183.515
265.954,236.029,60.1912,284.646
300.609,132.804,81.367,175.087
310.112,223.347,104.575,265.638
295.008,148.939,77.8831,192.137
290.91,236.997,86.5654,282.133
275.268,181.189,61.907,227.433
313.796,125.277,94.0082,165.906
294.193,187.394,82.6924,231.291
265.176,193.775,53.1144,241.598
273.942,174.739,59.5561,221.029
313.595,200.217,104.796,241.756
306.274,137.077,87.908,178.743
286.958,181.519,74.2473,226.257
277.486,127.667,56.3393,172.621
301.583,234.517,97.3432,278.13
264.013,154.145,46.0175,201.272
266.946,192.456,54.7904,240.017
269.878,140.699,50.2335,186.823
288.741,225.071,82.5372,270.309
289.305,224.901,83.1026,270.059
301.139,162.296,86.2578,204.934
271.478,222.758,64.0565,270.33
294.379,137.172,75.4922,180.266
268.334,184.393,55.0642,231.604
268.623,123.927,46.4261,169.862
271.515,231.553,65.3961,279.297
267.958,212.545,58.8319,260.39
287.616,165.883,72.6323,210.272
289.821,159.953,74.0712,203.967
312.051,157.066,96.8587,198.282
264.649,146.7,45.5891,193.59
289.07,163.167,73.7573,207.328
313.021,158.842,98.1278,199.96
280.954,202.147,70.9859,248.037
301.228,160.531,86.0912,203.133
286.33,165.091,71.1659,209.629
279.213,204.236,69.4641,250.397
307.441,129.216,87.9698,170.641
313.507,168.09,99.99,209.257
305.966,165.404,91.7493,207.482
294.751,221.776,88.339,266.137
299.919,179.519,87.5173,222.559
279.839,171.103,65.2307,216.57
296.404,210.777,88.4466,254.744
271.372,226.911,64.5589,274.581
307.24,213.184,100.096,255.731
289.263,141.102,70.708,184.876
290.09,141.954,71.7012,185.641
279.221,207.595,69.9684,253.818
298.944,124.937,78.4693,167.305
274.188,142.896,55.1102,188.537
306.949,140.526,89.1184,182.156
301.969,125.697,81.7427,167.719
267.307,161.108,50.5339,207.969
297.934,185.528,86.3284,228.912
274.499,225.361,67.6242,272.567
314.133,209.242,106.679,250.818
295.166,230.749,90.0939,275.194
282.572,142.64,63.9054,187.253
304.824,128.371,85.1165,170.094
283.982,145.612,65.8265,190.105
281.586,184.592,69.0591,230.08
284.089,127.837,63.3173,172.008
293.314,176.636,80.1883,220.477
313.284,164.732,99.2655,205.887
304.321,184.783,92.8831,227.331
451.096,184.257,241.639,208.404
444.491,123.605,226.414,149.324
445.096,178.902,234.945,203.849
334.519,135.79,117.012,174.084
336.04,137.101,118.773,175.225
388.328,188.624,179.619,220.504
389.55,188.349,180.813,220.077
335.263,186.704,125.223,225.302
458.406,124.112,240.235,148.28
457.046,177.822,246.582,201.339
326.596,131.078,108.137,170.266
456.387,122.892,238.07,147.302
335.262,198.733,126.981,237.425
443.468,176.717,233.021,201.888
457.171,189.659,248.4,212.986
338.163,139.913,121.371,177.806
459.0,191.609,250.478,214.682
458.832,175.481,248.005,198.819
336.485,184.096,126.1,222.518
387.383,124.09,169.316,156.226
440.315,127.554,222.841,153.691
337.413,202.477,129.742,240.917
337.469,181.39,126.718,219.667
383.178,194.488,175.264,227.009
441.098,174.314,230.329,199.801
394.152,128.919,176.854,160.269
382.469,130.605,165.284,163.291
461.639,193.653,253.365,216.37
441.116,194.686,233.272,219.928
461.603,172.893,250.36,195.939
338.983,203.775,131.546,242.019
328.046,191.267,118.447,230.83
394.667,182.488,185.124,213.594
338.986,180.602,128.163,218.681
394.739,194.111,186.879,225.169
383.223,183.198,173.673,215.727
409.316,121.136,190.989,150.808
379.631,131.915,162.597,164.927
440.202,173.354,229.304,198.96
462.259,194.803,254.139,217.425
396.722,130.252,179.639,161.304
462.154,171.469,250.698,194.472
440.048,195.685,232.358,221.048
330.034,192.621,120.697,231.94
380.361,196.903,172.764,229.78
397.596,180.018,187.716,210.77
341.492,174.458,129.843,212.18
377.209,134.223,160.474,167.514
399.977,132.594,183.256,163.263
377.2,134.665,160.529,167.957
326.77,173.127,114.473,212.684
434.75,200.338,227.774,226.312
400.527,179.473,190.586,209.865
378.628,178.011,168.267,211.116
401.504,177.37,191.264,207.651
377.031,200.149,169.861,233.451
370.385,140.197,154.405,174.286
428.475,168.022,216.892,195.095
429.118,162.977,216.806,190.022
416.802,126.628,199.282,155.419
431.458,162.918,219.125,189.685
432.15,208.689,226.394,234.904
341.847,128.602,123.512,165.986
371.323,204.364,164.681,238.404
419.12,130.019,202.089,158.521
334.748,123.098,115.393,161.267
333.948,120.89,114.245,159.135
407.74,173.739,197.0,203.276
371.325,143.493,155.84,177.475
407.146,127.962,189.795,157.837
405.791,169.437,194.424,199.235
371.522,207.752,165.375,241.769
589.488,173.876,373.338,181.964
517.585,179.23,305.734,195.496
582.775,180.475,367.955,189.085
581.429,166.997,364.799,176.26
596.861,165.71,379.106,173.28
597.066,181.779,381.545,188.69
581.779,182.327,367.277,190.984
595.126,167.808,377.775,175.491
579.094,164.424,362.239,174.046
599.67,183.831,384.267,190.36
511.27,185.456,300.529,202.316
579.136,184.989,365.163,193.856
599.578,163.106,381.285,170.475
522.817,173.086,309.899,188.898
522.808,184.846,311.555,200.346
511.265,173.918,298.888,191.062
600.325,184.83,385.019,191.243
578.275,163.439,361.329,173.189
600.304,162.233,381.842,169.556
578.129,186.182,364.382,195.123
508.418,187.813,298.109,204.958
525.627,170.972,312.3,186.514
505.57,190.109,295.683,207.542
572.805,190.814,360.012,200.213
605.621,157.034,386.083,163.978
528.529,168.251,314.701,183.531
505.044,190.697,295.257,208.179
529.515,189.274,318.619,203.855
506.449,168.745,293.5,186.578
529.476,167.597,315.516,182.785
611.849,154.833,391.583,161.181
611.44,149.555,390.466,156.171
567.365,153.251,349.595,164.586
569.748,198.452,358.198,207.946
565.133,195.616,353.436,205.757
547.629,177.105,334.212,189.908
533.573,178.181,320.939,192.594
498.749,194.591,289.716,212.747
575.303,175.06,360.157,184.729
631.927,171.082,412.477,174.489
561.913,176.113,347.645,187.29
603.735,173.005,386.552,179.506
536.02,163.637,321.227,178.185
533.078,161.325,318.083,176.276
617.733,172.129,399.468,177.084
491.478,181.104,280.739,200.429
507.423,197.53,298.527,214.563
762.829,136.998,526.091,128.379
763.275,145.383,527.503,136.178
750.184,189.772,521.765,179.053
762.947,146.487,527.364,137.241
749.399,121.99,511.83,115.783
754.985,188.707,525.87,177.528
772.302,151.812,536.336,141.237
741.762,152.965,509.589,145.468
742.447,155.37,510.526,147.647
741.907,173.465,512.516,164.642
776.169,135.435,537.515,125.601
742.926,233.193,521.574,220.438
740.411,151.959,508.249,144.668
741.532,174.693,512.35,165.832
664.18,168.993,441.833,168.916
739.794,179.885,511.513,170.882
741.523,230.357,519.941,217.948
775.575,133.325,536.706,123.697
750.856,161.506,518.508,152.563
737.7,146.861,505.138,140.176
756.017,179.207,525.691,168.506
670.517,174.407,448.365,173.349
671.123,237.694,457.658,233.273
670.475,162.492,446.681,162.06
658.854,163.167,436.154,163.97
659.465,237.939,447.06,234.927
656.207,176.996,435.643,177.402
734.67,186.588,507.866,177.725
673.008,176.136,450.874,174.711
773.111,125.767,533.629,116.885
673.202,160.259,448.859,159.647
766.23,167.985,533.184,156.94
750.074,133.557,514.005,126.526
653.342,179.635,433.382,180.232
675.772,157.763,450.856,157.005
765.318,162.7,531.661,152.11
755.997,148.549,521.499,139.882
766.744,175.344,534.638,163.744
767.056,174.428,534.788,162.856
754.333,176.439,523.824,166.103
675.654,178.947,453.671,177.079
765.811,178.615,534.26,166.893
652.821,180.346,433.003,180.967
755.301,127.55,518.145,120.321
676.727,157.005,451.62,156.184
764.819,181.829,533.822,169.997
758.071,197.508,530.121,185.343
780.157,179.661,547.018,166.32
755.234,195.567,527.349,183.847
761.01,199.776,533.026,187.132
780.947,177.504,547.418,164.229
762.582,201.004,534.58,188.102
756.377,151.464,522.232,142.564
681.852,152.632,455.678,151.495
784.098,165.381,548.537,152.627
766.87,124.702,527.696,116.572
768.422,205.216,540.299,191.375
778.791,157.993,542.88,146.315
761.704,155.175,527.447,145.472
302.864,300.171,108.334,344.545
274.492,269.591,74.1544,317.67
303.213,318.919,111.455,363.51
266.759,301.774,70.7728,351.677
274.676,269.724,74.3675,317.778
278.733,273.829,79.2375,321.366
269.041,242.056,64.3411,290.363
299.393,286.748,102.747,331.445
300.841,285.39,104.055,329.851
280.48,247.645,77.205,294.438
285.471,258.781,84.0833,305.06
290.159,271.452,90.8584,317.268
301.003,293.055,105.351,337.605
300.272,283.312,103.157,327.827
292.987,263.037,92.5737,308.303
284.993,309.9,91.1253,357.158
282.223,251.875,79.6589,298.497
271.657,337.801,81.26,387.692
297.579,283.773,100.419,328.694
271.503,337.442,81.045,387.35
308.667,347.963,121.385,392.101
279.151,252.389,76.5097,299.46
300.787,251.07,98.949,295.035
296.993,304.081,102.799,349.404
280.322,326.174,88.636,374.459
276.95,286.303,79.2079,334.344
270.932,292.091,73.7356,341.154
291.641,310.537,98.168,356.783
270.951,286.695,72.9573,335.645
292.217,255.691,90.6867,300.949
301.7,325.77,110.89,370.696
290.881,309.968,97.2906,356.321
275.912,292.133,78.979,340.444
271.189,255.343,68.5706,303.616
280.195,291.984,83.4532,339.645
282.08,330.285,91.0847,378.37
300.19,247.121,97.7458,291.113
304.384,251.43,102.747,294.89
276.399,289.78,79.1429,337.971
273.469,289.491,76.0204,338.118
269.433,252.216,66.2576,300.678
292.493,340.917,103.535,387.534
294.552,314.599,101.804,360.463
285.717,241.53,81.7962,287.471
278.127,305.297,83.2501,353.526
300.438,329.218,110.085,374.393
312.23,308.514,119.28,351.58
304.612,325.538,113.882,370.006
278.361,307.847,83.8724,356.089
292.343,290.31,95.9198,336.115
275.503,350.053,87.1111,399.572
310.139,338.744,121.555,382.525
275.412,356.563,87.978,406.226
270.13,284.29,71.7372,333.313
287.484,282.676,89.7156,329.078
310.138,357.804,124.355,401.837
316.864,325.667,126.594,368.231
272.116,333.915,81.1675,383.653
304.491,336.091,115.308,380.728
309.797,244.973,107.424,287.584
290.17,291.549,93.8326,337.701
296.189,276.472,97.8949,321.485
263.276,314.352,68.9623,365.068
430.19,329.64,241.773,354.955
451.584,251.291,251.727,274.461
389.601,253.42,190.29,284.993
457.305,245.565,256.536,268.052
459.706,258.948,260.81,280.915
335.719,249.728,134.907,288.761
460.337,308.6,268.536,329.735
458.273,310.71,266.814,332.112
445.828,310.129,254.495,333.341
444.655,308.631,253.124,332.031
337.056,247.179,135.909,286.006
383.9,259.394,185.405,291.745
395.427,247.724,195.329,278.514
462.874,306.415,270.709,327.218
383.873,247.967,183.721,280.335
442.167,306.325,250.339,330.113
395.581,259.216,197.147,289.948
462.417,261.32,263.809,282.884
419.04,356.477,234.648,383.256
395.876,310.569,204.876,341.095
336.126,310.607,144.228,350.069
464.303,307.43,272.254,328.013
440.569,307.585,248.942,331.59
384.356,310.58,193.288,342.813
452.515,314.725,261.735,336.906
337.744,308.445,145.573,347.646
440.957,305.547,249.032,329.519
389.968,315.473,199.649,346.864
435.261,306.192,243.495,330.981
339.696,267.135,141.537,305.738
330.566,255.706,130.479,295.513
440.604,263.401,242.631,287.906
463.609,262.197,265.103,283.586
339.191,306.037,146.705,345.002
397.966,260.999,199.802,291.394
340.349,304.85,147.718,343.632
381.268,245.86,180.783,278.586
398.003,245.305,197.569,275.754
381.217,261.479,182.998,294.202
425.855,292.094,232.143,318.371
398.731,308.766,207.48,338.877
404.466,349.567,219.122,378.644
381.438,308.607,190.059,341.275
374.627,333.411,186.779,367.112
373.913,332.717,185.956,366.527
341.433,272.216,144.062,310.607
366.857,321.485,177.176,356.351
341.738,299.201,148.317,337.735
360.049,349.849,174.391,385.853
371.349,326.87,182.512,361.064
401.57,306.494,209.996,336.196
378.291,263.491,180.331,296.623
435.111,267.378,237.767,292.594
329.492,315.725,138.159,356.24
401.97,305.69,210.281,335.337
381.769,326.308,192.961,358.919
327.817,283.742,131.751,324.204
322.864,346.736,135.877,388.596
377.361,264.671,179.562,297.933
322.777,318.958,131.715,360.533
377.466,307.34,185.863,340.597
401.823,264.105,204.122,293.952
377.169,305.367,185.276,338.667
395.905,333.466,208.219,363.917
395.851,334.52,208.318,364.976
395.003,337.503,207.899,368.08
326.364,306.155,133.537,347.052
360.318,352.609,175.067,388.581
395.934,346.161,210.086,376.57
451.888,261.046,253.425,284.042
387.108,349.109,201.647,380.88
420.697,321.871,231.307,348.656
371.689,305.622,179.767,339.734
424.201,349.547,238.511,375.62
348.29,347.513,162.073,385.356
367.899,357.035,183.403,391.822
366.342,356.499,181.747,391.531
413.674,303.56,221.672,331.508
400.401,357.683,216.229,387.358
379.54,356.183,195.049,389.133
394.506,318.925,204.71,349.63
354.734,344.024,168.135,380.837
376.638,323.882,187.428,357.27
413.483,337.97,226.447,365.727
469.995,316.599,279.13,336.212
412.923,352.194,227.942,379.949
351.003,316.262,160.282,353.511
355.016,317.882,164.611,354.53
468.538,316.433,277.683,336.26
517.446,341.849,328.605,354.013
530.119,343.188,340.922,353.457
485.302,342.593,297.698,359.495
506.447,344.825,318.457,358.54
531.259,345.792,342.378,355.823
512.952,345.618,324.826,358.352
535.322,331.032,344.211,340.877
534.227,331.023,343.166,341.026
590.101,246.223,384.04,251.473
517.411,248.978,315.451,263.485
495.374,346.635,308.03,361.955
583.508,252.429,378.728,258.285
597.787,254.072,392.326,258.04
499.871,333.846,310.599,348.771
598.489,308.46,400.587,310.192
583.327,309.574,386.569,313.348
582.714,308.504,385.844,312.401
523.742,348.081,335.52,359.158
600.984,306.135,402.587,307.618
580.264,306.238,383.228,310.555
512.012,254.914,311.097,269.981
523.552,254.415,322.118,267.977
600.489,256.347,395.166,259.879
579.949,256.76,375.992,262.914
523.565,242.912,320.502,256.777
511.907,243.576,309.388,258.934
602.228,305.109,403.602,306.463
523.935,351.2,336.146,362.167
579.041,305.235,381.939,309.757
524.038,310.052,330.462,322.079
578.662,257.916,374.945,264.195
601.582,257.448,396.34,260.797
512.36,310.113,319.263,323.788
607.693,304.902,408.657,305.521
509.263,256.991,308.743,272.371
573.183,305.074,376.411,310.407
518.246,315.052,325.618,327.77
526.872,256.376,325.578,269.45
590.541,314.635,394.031,317.223
510.039,338.222,321.02,351.557
526.816,308.597,332.915,320.271
613.665,302.456,413.86,302.367
509.482,308.534,316.27,322.655
553.337,294.548,356.187,302.954
553.577,289.312,355.677,297.851
565.578,301.382,368.726,307.887
506.706,357.547,320.513,370.93
606.653,261.634,401.648,264.162
573.49,263.483,370.86,270.234
529.62,306.5,335.3,317.838
506.398,259.352,306.314,275.056
529.322,258.779,328.264,271.465
506.466,306.292,313.046,320.892
525.517,336.788,335.663,347.896
530.086,305.594,335.617,316.891
529.518,259.545,328.56,272.184
505.595,307.286,312.348,321.986
506.048,305.347,312.509,320.027
505.41,260.389,305.508,276.2
535.576,305.731,340.878,316.257
499.884,305.917,306.641,321.456
625.888,316.767,427.163,314.398
612.469,266.045,407.671,267.642
501.104,351.812,314.3,366.165
494.704,354.582,308.513,369.835
568.735,269.802,367.265,276.957
590.323,319.815,394.552,322.236
610.096,316.86,412.558,316.658
607.963,318.248,410.771,318.283
538.938,353.832,350.832,362.504
562.325,316.847,367.831,323.288
752.088,258.105,532.764,242.699
715.107,347.795,512.482,331.559
752.925,258.471,533.554,242.939
774.325,354.609,565.558,329.852
747.203,315.845,536.644,297.259
739.914,330.658,532.213,312.095
744.233,308.928,533.071,291.174
743.459,307.911,532.247,290.322
741.464,304.673,530.037,287.549
748.218,240.94,527.0,227.116
727.395,344.133,522.646,326.47
665.392,243.711,453.269,239.681
742.54,248.581,523.332,234.89
729.978,342.333,524.836,324.407
780.294,355.556,571.13,329.889
740.617,251.32,521.999,237.686
736.218,346.869,531.07,327.8
739.267,252.596,520.975,239.045
671.156,249.357,459.299,244.326
659.655,249.629,448.852,246.009
736.726,258.449,519.517,244.838
671.864,309.738,468.284,301.483
660.198,309.753,457.669,303.06
767.712,310.468,553.985,289.565
673.917,251.063,462.046,245.602
733.7,263.863,517.566,250.285
656.971,251.809,446.7,248.414
684.321,330.692,482.462,319.646
674.703,308.556,470.698,299.984
744.018,336.113,536.592,316.653
657.375,308.51,454.921,302.257
774.023,314.386,560.054,292.399
775.573,316.862,561.748,294.503
772.258,312.243,558.216,290.631
736.069,349.693,531.292,330.473
666.079,314.593,463.696,306.865
755.404,250.747,535.016,235.368
727.288,351.745,523.593,333.632
677.605,307.563,473.193,298.656
758.382,249.512,537.477,233.857
770.72,346.552,561.306,322.835
654.198,254.185,444.493,251.019
676.677,253.505,464.89,247.574
677.993,306.448,473.391,297.549
759.019,265.172,540.171,248.4
761.087,247.694,539.615,231.837
653.447,306.294,451.025,300.677
653.21,255.186,443.727,252.095
677.599,254.451,465.858,248.355
761.877,267.244,542.972,249.984
755.96,318.304,544.711,298.41
762.077,355.108,554.885,331.989
756.188,263.512,537.447,247.197
766.863,350.706,558.488,327.229
751.261,346.696,544.111,325.621
754.97,342.049,547.025,320.735
689.551,302.944,483.362,292.705
674.665,318.208,471.996,309.136
690.196,302.058,483.822,291.782
647.579,316.687,447.096,311.36
673.914,319.657,471.515,310.611
722.489,325.894,515.749,310.006
711.657,338.312,508.095,323.105
781.938,300.41,565.083,278.376
708.958,335.258,505.259,320.597
732.301,335.049,526.057,317.235
764.677,340.387,555.39,317.869
760.454,340.558,551.7,318.596
659.388,317.171,457.957,310.218
720.828,320.215,513.809,304.843
687.844,316.971,483.753,306.192
744.487,347.724,538.326,327.497
291.72,470.433,121.825,519.372
274.068,471.378,103.55,523.607
278.206,377.256,93.9658,426.865
279.651,376.367,95.3477,425.717
307.569,382.852,125.376,427.646
268.1,418.484,89.4636,470.677
314.374,374.617,131.206,418.175
280.027,373.447,95.31,422.678
297.766,372.415,113.666,418.683
272.309,362.475,85.5951,412.768
267.791,418.461,89.1355,470.708
298.021,371.729,113.831,417.944
267.799,414.494,88.5565,466.653
271.859,381.521,87.9403,432.283
302.736,472.223,133.519,519.159
300.172,402.925,120.659,449.261
312.752,377.457,129.947,421.318
279.869,368.033,94.3448,417.187
282.337,442.578,107.937,492.724
288.693,384.092,105.938,432.067
304.057,475.283,135.336,522.021
270.181,475.798,100.133,528.846
289.222,363.281,103.42,410.806
272.717,431.647,96.2568,483.3
305.535,389.647,124.268,434.877
275.286,437.689,99.842,489.006
300.098,385.419,118.005,431.5
300.617,367.964,115.974,413.693
282.955,464.725,111.854,515.177
271.329,393.345,89.1333,444.443
272.587,393.705,90.5069,444.595
272.793,432.188,96.4165,483.838
271.562,444.797,96.9919,496.932
267.531,406.213,87.0486,458.24
267.285,405.997,86.758,458.062
295.523,410.866,116.998,458.127
288.469,388.075,106.292,436.157
279.182,447.799,105.413,498.615
301.933,461.881,131.165,508.807
276.946,428.214,100.179,479.044
276.647,416.855,98.1865,467.511
295.16,388.863,113.379,435.829
283.98,408.94,104.685,458.166
260.301,405.639,79.3541,458.911
297.084,387.922,115.241,434.548
282.204,360.74,95.7117,409.371
307.923,467.011,138.117,512.918
312.424,369.348,128.416,413.159
262.971,372.81,77.3018,424.879
287.264,461.182,115.823,510.777
429.063,393.258,249.622,418.187
430.605,428.526,256.223,452.881
429.47,393.353,250.039,418.216
429.79,428.107,255.358,452.602
328.198,396.573,148.67,438.077
328.472,398.193,149.189,439.667
417.718,429.436,243.857,455.921
416.686,429.169,242.794,455.83
444.345,408.368,267.137,430.631
461.93,461.468,291.979,480.088
351.477,461.876,182.011,499.853
449.685,408.775,272.442,430.163
336.545,405.55,158.545,445.728
471.08,456.17,300.137,473.308
464.264,463.038,294.481,481.233
337.755,458.028,167.46,498.435
351.8,461.383,182.268,499.3
337.689,458.172,167.414,498.592
474.259,384.064,292.926,401.891
463.05,466.924,293.853,485.27
370.256,374.409,188.317,408.856
431.269,418.878,255.694,443.189
416.959,471.063,249.11,497.406
436.647,414.691,260.463,438.146
374.961,381.957,194.17,415.654
416.193,411.709,239.785,438.566
437.242,413.294,260.849,436.666
434.267,417.483,258.517,441.303
465.965,465.185,296.446,483.055
407.218,419.816,232.022,448.121
370.009,375.647,188.247,410.137
431.458,384.609,250.984,409.205
471.317,382.096,289.78,400.418
434.519,382.778,253.774,406.9
437.218,380.308,256.084,404.027
438.127,379.265,256.831,402.851
382.02,471.89,214.344,504.434
431.281,407.864,254.129,432.274
414.012,470.159,246.054,497.027
331.304,390.822,151.017,431.75
414.787,371.167,232.536,398.512
370.698,370.516,188.198,404.885
468.466,380.954,286.837,399.742
407.719,418.817,232.377,447.043
441.234,398.979,262.726,421.854
419.366,454.96,249.174,480.99
442.756,401.153,264.537,423.757
403.803,399.736,225.712,428.698
405.635,396.888,227.129,425.563
424.345,450.311,253.436,475.515
371.434,380.987,190.465,415.256
378.756,393.773,199.716,426.858
411.152,467.11,242.772,494.499
392.689,450.606,221.96,481.287
327.897,369.694,144.423,410.981
399.016,411.982,222.7,441.688
410.988,466.941,242.584,494.36
402.924,400.609,224.96,429.711
399.927,387.881,220.123,417.521
466.849,379.463,285.045,398.528
398.913,436.048,226.079,465.693
412.703,477.172,245.767,504.231
329.829,411.427,152.521,452.8
414.768,391.265,235.418,418.486
369.706,463.717,200.751,498.448
350.273,456.287,179.971,494.446
443.431,434.124,269.937,456.241
443.842,436.212,270.641,458.236
383.096,365.421,199.974,397.807
391.509,464.38,222.774,495.243
381.659,365.67,198.562,398.284
413.596,382.929,233.048,410.39
342.302,391.09,162.321,430.19
391.027,463.953,222.23,494.902
399.353,447.128,228.123,476.662
444.737,437.173,271.658,459.035
390.723,459.588,221.292,490.597
370.296,463.805,201.359,498.431
372.636,452.395,202.062,486.584
365.006,402.467,187.084,437.845
415.247,391.705,235.958,418.845
372.885,388.781,193.065,422.825
413.804,380.365,232.885,407.809
414.875,411.803,238.488,438.877
330.807,414.303,153.945,455.536
389.37,458.227,219.739,489.476
384.223,446.049,212.807,478.209
356.13,382.108,175.108,418.875
374.528,370.665,192.092,404.42
360.124,366.971,176.962,403.027
359.049,389.064,179.089,425.382
382.287,387.1,202.305,419.607
324.678,466.371,155.284,509.217
489.757,382.541,307.709,397.979
486.636,384.422,304.954,400.31
514.452,383.706,331.669,395.286
532.293,370.676,346.884,379.867
536.282,377.316,351.623,385.716
519.895,464.781,348.423,473.471
507.08,371.762,322.892,384.759
514.862,378.883,331.378,390.518
539.548,455.163,365.773,460.825
539.481,467.878,367.506,473.188
501.097,390.855,319.609,404.376
503.699,462.199,332.536,473.686
486.002,365.915,301.702,382.26
511.498,457.459,339.348,467.74
502.426,378.602,319.383,392.159
532.193,398.563,350.778,406.995
538.297,452.129,364.157,458.084
502.756,378.834,319.734,392.335
537.642,386.263,354.181,394.201
537.295,449.861,362.885,456.046
531.464,455.379,358.122,462.377
502.157,464.587,331.394,476.283
515.038,456.203,342.561,465.921
512.325,369.921,327.672,382.161
533.878,471.179,362.653,477.34
487.906,367.117,303.719,383.147
489.295,464.921,319.044,478.798
523.589,369.794,338.448,380.326
487.107,466.565,317.164,480.784
542.067,380.377,357.314,387.838
512.945,454.311,340.288,464.424
494.894,384.299,312.927,398.901
529.863,388.602,347.103,397.674
536.92,448.357,362.316,454.646
516.845,370.523,332.094,382.061
493.88,474.134,324.782,487.042
507.596,384.705,325.227,397.323
525.874,470.693,354.966,478.221
528.88,376.279,344.421,385.835
523.886,393.082,341.792,402.991
689.73,424.01,500.202,407.13
741.742,409.983,544.668,386.159
740.635,409.949,543.685,386.289
717.146,425.096,524.905,404.007
687.657,469.851,504.469,450.828
698.396,423.474,507.786,405.324
698.065,422.534,507.311,404.492
686.903,459.291,502.334,440.957
728.615,424.802,534.953,402.02
686.743,446.606,500.442,428.981
700.123,431.661,510.403,412.796
762.01,389.308,559.482,363.92
718.567,375.027,519.015,356.733
700.938,469.965,516.402,448.82
684.683,405.749,493.103,390.62
688.077,435.275,500.081,418.057
764.308,388.587,561.401,362.92
750.136,398.998,550.253,374.692
768.215,389.417,564.939,363.139
767.677,369.756,561.794,344.882
711.915,421.726,519.776,401.622
744.267,426.045,548.9,400.852
740.469,435.251,546.803,410.047
739.994,471.573,551.347,444.162
695.371,443.587,507.782,424.787
755.392,407.597,556.282,381.941
693.222,453.482,507.215,434.471
742.976,471.665,553.992,443.78
688.039,440.07,500.707,422.598
751.184,400.402,551.368,375.853
745.12,442.022,551.834,415.685
718.92,471.121,532.608,447.058
731.985,398.654,534.156,377.002
693.351,430.417,504.154,412.655
693.235,453.527,507.233,434.511
744.098,394.715,544.665,371.515
691.254,386.849,496.455,371.773
737.803,472.589,549.551,445.459
743.884,392.708,544.202,369.666
745.3,462.026,554.725,434.389
730.13,397.683,532.377,376.36
739.571,381.104,538.507,359.45
720.521,470.876,533.998,446.575
744.021,361.771,539.928,340.699
703.834,468.411,518.78,446.894
769.87,395.313,567.191,368.4
724.894,436.526,533.177,413.604
730.611,436.0,538.179,412.242
729.905,372.011,528.693,352.292
736.058,376.037,534.833,355.182
740.104,392.866,540.586,370.395
706.138,468.762,520.888,446.86
696.64,390.973,501.867,374.883
695.815,476.673,512.606,455.984
739.97,427.186,545.26,402.564
745.292,452.826,553.461,425.776
725.374,395.753,527.917,375.236
679.902,452.883,495.014,436.008
714.391,387.99,517.066,369.528
722.936,439.668,531.867,416.855
279.067,504.87,113.729,556.831
269.144,497.955,102.327,551.677
296.055,496.512,130.172,545.08
296.268,488.605,129.228,537.003
305.811,488.032,139.027,534.632
303.99,505.753,139.752,552.959
293.293,496.505,127.305,545.596
275.265,504.178,109.655,556.857
306.288,496.249,140.728,542.879
263.367,504.871,97.2914,559.86
293.887,518.969,130.752,568.362
234.096,506.695,66.4158,567.446
294.902,518.313,131.789,567.493
368.353,498.681,204.473,533.746
429.224,528.502,269.254,552.215
377.908,507.126,215.327,540.437
360.091,505.069,197.051,541.69
377.625,507.086,215.037,540.45
359.919,504.717,196.825,541.369
420.863,520.14,260.057,545.449
418.653,520.91,257.981,546.623
461.788,507.319,298.407,525.295
418.051,521.252,257.434,547.075
462.456,504.986,298.724,522.876
445.245,501.917,281.455,522.942
463.243,502.928,299.196,520.707
464.445,501.059,300.1,518.651
334.807,494.888,169.841,536.155
333.857,495.092,168.899,536.538
447.768,538.886,288.493,559.07
472.073,541.769,312.583,557.389
434.277,507.938,271.54,530.886
428.367,576.029,270.257,599.786
437.162,506.238,274.135,528.678
409.255,507.239,246.684,534.764
438.857,505.982,275.765,528.117
409.078,507.075,246.484,534.633
444.304,564.539,285.962,585.249
389.14,509.622,226.961,540.85
427.0,573.164,268.805,597.198
441.575,564.249,283.245,585.485
351.114,495.729,186.584,533.971
335.127,505.819,171.768,547.125
397.157,502.66,233.969,532.422
327.994,483.82,161.245,526.244
464.921,534.634,305.095,551.657
370.374,488.893,205.088,523.562
412.28,492.532,247.565,519.582
398.62,501.636,235.281,531.133
453.619,509.322,290.718,528.745
461.17,534.745,301.459,552.459
355.628,495.233,191.094,532.637
426.423,504.142,262.981,528.573
350.513,494.163,185.744,532.507
444.765,566.804,286.499,587.412
582.476,553.205,419.313,548.329
594.952,549.743,414.371,543.915
594.85,553.093,412.231,547.317
537.292,551.239,376.232,554.652
533.162,488.292,364.393,494.106
537.936,551.773,376.867,555.057
533.252,486.3,364.197,492.153
529.505,542.039,368.239,547.074
483.5,543.254,323.84,556.733
540.928,489.827,371.692,494.289
487.123,542.739,327.366,555.551
519.267,545.625,358.696,552.457
485.551,580.997,326.834,593.635
517.303,546.887,356.839,554.059
597.31,531.5,430.397,524.768
597.398,528.444,430.051,521.814
518.801,490.387,351.009,498.626
596.074,526.847,428.599,520.51
556.136,544.914,393.823,545.043
565.179,552.704,402.91,550.983
559.342,545.501,396.92,545.033
554.18,517.614,388.133,518.942
503.921,489.23,336.593,500.08
506.442,573.128,347.176,581.886
500.389,539.15,340.02,549.566
506.223,573.287,346.969,582.084
497.024,576.077,338.128,586.576
508.734,548.366,348.59,557.097
530.035,578.191,370.113,582.393
557.222,543.14,394.594,543.129
538.016,518.32,373.247,522.455
513.887,548.619,353.591,556.393
508.681,548.131,348.531,556.875
539.969,577.635,379.627,579.979
533.413,538.295,371.42,542.723
510.073,496.96,343.592,506.561
520.462,511.314,355.562,518.741
526.501,580.106,366.775,584.935
501.674,539.343,341.281,549.52
494.541,507.371,330.153,519.486
531.042,493.409,363.102,499.45
559.111,542.188,396.236,541.867
549.861,541.033,387.365,542.413
489.337,534.382,328.707,546.919
487.226,502.31,322.375,515.824
515.398,537.198,354.116,544.92
518.769,508.082,353.488,515.889
576.132,544.097,412.453,540.658
535.21,509.841,369.387,514.707
563.43,539.915,399.972,538.892
532.54,536.469,370.333,541.104
506.597,536.019,345.53,545.37
494.724,507.081,330.288,519.169
509.521,576.82,350.28,584.93
490.084,508.837,326.065,521.716
565.169,541.867,401.878,540.468
583.78,565.218,401.023,561.086
501.931,507.155,337.231,517.962
567.658,542.011,404.232,540.161
541.851,540.045,379.66,542.899
491.805,508.802,327.72,521.375
533.364,517.34,368.695,522.326
509.379,546.11,349.142,554.756
480.797,533.257,320.299,547.38
502.104,506.467,337.299,517.258
562.059,586.992,377.773,586.31
515.881,542.826,355.332,550.327
579.086,570.005,396.354,566.585
719.041,494.397,536.099,468.92
745.466,488.588,558.692,459.219
755.932,491.897,568.184,460.661
725.629,488.914,541.198,462.701
737.379,489.273,551.65,461.153
685.191,485.048,504.456,465.594
696.421,492.971,515.71,471.251
695.808,493.383,515.217,471.74
731.974,495.338,547.7,467.713
734.736,493.819,549.936,465.842
748.702,499.266,550.458,469.864
750.298,502.681,551.182,472.895
677.397,496.948,498.838,478.162
729.573,489.043,544.712,462.188
761.225,493.6,573.221,461.392
744.45,506.514,545.392,477.519
