89.9383,97.68
16.1632,59.8961
25.6053,113.654
35.024,111.604
36.605,109.547
111.084,113.376
82.5212,101.081
157.506,100.406
77.2553,113.546
68.7843,116.175
62.7426,113.625
155.248,102.368
94.7575,105.027
98.2057,105.923
96.8163,102.771
100.729,105.75
149.024,93.2834
111.531,102.078
131.07,97.5648
101.72,102.243
100.929,102.966
95.2039,112.245
117.892,95.0942
111.138,86.0521
118.768,84.16
126.99,82.0872
134.864,80.086
134.88,91.1866
76.9629,95.4495
108.497,76.5864
64.6571,105.146
72.8823,106.861
62.9377,102.661
68.4426,94.9904
117.078,95.1982
55.0725,107.191
105.294,67.8738
59.9237,106.16
56.4937,104.216
112.369,73.6807
18.9647,94.1288
30.4131,69.7152
56.3217,107.097
104.5,99.2389
38.4854,77.6909
17.9911,87.9487
32.499,83.5572
231.928,83.5525
279.163,72.0556
216.553,87.2203
268.95,53.7192
214.575,89.0465
235.197,84.8918
213.65,90.0027
221.7,78.4526
269.827,62.0284
298.991,107.696
276.987,74.8818
209.794,94.8134
168.745,98.0862
292.774,67.727
276.474,58.7657
288.282,110.531
267.306,64.3863
289.524,110.684
274.868,79.8043
287.383,97.8319
188.806,83.2284
228.799,72.7417
290.411,64.9874
299.479,95.9207
232.674,71.2859
189.914,80.187
206.925,78.2043
278.707,50.694
287.996,41.9278
302.575,92.833
254.759,50.1762
222.067,72.8358
275.867,58.4249
231.099,56.0886
302.934,92.1812
247.287,52.0384
239.022,54.0828
238.374,65.0489
252.661,66.5678
286.564,52.9882
190.971,66.1134
263.708,58.9735
207.214,62.0552
198.021,75.1023
311.731,92.994
215.046,60.0533
295.554,39.8827
307.335,93.992
223.584,57.8873
199.097,64.067
261.638,48.3778
183.29,67.9497
279.962,55.1664
269.732,42.9837
271.156,69.8657
173.044,95.7058
231.149,67.2869
193.343,89.0004
267.652,36.5859
295.551,97.0141
191.032,77.2825
268.686,84.2641
280.457,111.445
174.845,81.1793
295.967,53.8174
302.695,49.4197
271.897,45.7087
225.864,108.81
230.176,106.795
278.005,43.8643
264.693,82.0962
276.088,66.6797
309.489,106.16
313.967,105.127
268.999,73.8605
257.91,72.9975
265.514,59.3402
208.984,49.6636
215.752,71.2477
277.773,87.7145
225.121,45.6897
223.144,91.9979
360.847,90.2102
364.331,112.457
355.41,106.324
371.242,117.874
370.756,102.828
369.225,105.004
352.954,104.259
358.12,74.3382
352.306,103.867
433.029,97.5154
372.793,99.8601
428.633,104.936
439.535,102.889
373.513,99.1987
437.798,89.7316
426.169,106.805
426.608,91.7698
425.478,90.7083
440.041,87.3924
362.743,51.481
346.918,55.3476
441.83,84.7187
345.17,57.2212
365.776,52.6596
354.355,95.0687
365.172,52.6669
343.98,58.2293
367.424,92.0161
445.23,105.276
443.024,84.4629
351.166,47.7171
353.917,98.5665
418.074,36.6883
428.92,34.2366
340.196,62.8153
435.711,76.4365
415.471,38.6074
424.546,79.0112
413.36,40.9692
415.739,87.8696
412.689,41.4165
391.412,108.77
350.767,81.8684
408.894,46.1717
436.919,78.227
423.812,82.5787
405.339,105.772
366.086,38.278
346.333,45.2402
365.437,81.1456
439.626,39.03
390.15,104.225
402.04,111.836
348.776,81.9644
438.57,20.4141
406.568,111.197
386.36,33.4237
368.67,80.0076
371.171,76.7012
397.316,100.588
458.156,15.7653
407.921,105.058
430.646,22.208
410.469,85.7462
532.909,63.2173
624.173,41.367
550.092,57.8748
536.948,35.659
550.055,57.6423
548.552,55.7868
512.428,38.6079
512.277,39.4559
512.227,115.667
537.247,52.7954
617.239,51.0721
603.22,86.632
625.071,30.7481
500.909,88.7937
540.014,69.4202
558.96,44.3133
497.9,74.7317
624.04,57.6588
495.4,71.3472
539.043,96.5731
566.704,111.563
489.339,19.903
541.832,84.3271
538.603,96.22
498.479,93.0049
498.843,93.9409
623.329,62.1959
546.151,61.5271
527.65,47.5948
493.694,50.271
534.712,77.0107
544.496,82.7468
552.154,98.2399
499.567,97.7403
629.852,81.0504
612.915,37.3958
555.269,93.8927
555.159,25.6678
613.944,37.955
548.995,18.3333
544.163,38.3568
528.191,37.7761
516.797,104.935
509.034,78.487
611.712,36.5631
560.168,111.907
608.563,40.4163
496.867,62.0356
557.23,26.9265
587.546,89.9135
524.228,43.8148
550.802,91.0392
514.952,77.3084
510.717,26.1005
550.61,94.5062
511.096,72.1143
516.566,102.145
511.408,66.5683
599.517,37.4872
508.041,25.0716
556.347,33.6261
513.171,70.0597
629.282,85.3958
614.374,103.655
513.859,100.034
631.326,19.3612
514.445,74.2735
612.865,114.765
512.893,102.918
600.538,39.0323
510.274,23.8961
604.49,94.8384
510.509,26.0533
520.31,84.9824
510.057,21.4905
524.93,58.9895
511.467,57.1629
525.087,106.087
608.974,58.144
617.742,103.375
534.233,23.6394
538.964,19.7507
506.528,108.218
538.533,16.3599
626.101,67.2909
620.094,86.6543
563.544,36.9729
596.381,40.2786
606.661,61.4856
626.355,69.044
507.555,21.7589
503.158,111.41
611.04,60.7093
619.842,84.4571
526.72,88.2595
564.656,35.5439
501.077,110.525
535.922,107.113
512.826,24.8892
545.345,41.7452
524.902,98.8569
613.749,62.8661
597.992,45.3843
557.866,74.2377
512.146,21.2794
612.006,91.8509
618.474,81.4093
570.337,41.9519
595.873,46.3605
634.173,56.0303
526.314,85.1506
513.749,12.0109
513.767,98.9289
549.396,106.538
512.139,12.1065
519.258,51.6889
634.267,57.778
499.644,25.0482
574.061,102.005
501.874,102.716
593.898,106.299
490.881,32.0368
592.508,49.4337
591.207,50.3302
499.953,103.48
523.4,99.6488
511.468,15.9229
529.621,88.2348
511.321,100.313
588.883,75.2567
531.341,107.365
594.126,89.7084
512.048,13.7594
488.873,32.1266
518.196,98.5383
533.565,113.423
521.693,55.5008
563.576,74.9304
712.039,16.7395
693.468,20.5881
739.571,57.8458
682.989,33.5259
759.017,53.428
758.508,54.6859
743.99,74.8534
673.644,22.8212
744.509,74.2908
660.645,45.4281
660.196,43.7362
719.646,61.6338
718.795,61.9683
663.762,58.8596
724.957,11.3979
720.055,65.7565
751.71,11.9785
778.686,17.8031
649.052,79.2056
662.088,71.5699
763.29,45.0002
664.214,71.0073
692.269,44.6039
687.118,51.9535
657.938,54.1796
776.021,50.3285
661.376,67.7508
727.703,44.1318
774.409,49.9948
678.312,58.0834
691.952,32.1865
779.715,46.8774
658.005,24.3701
654.087,22.823
678.17,17.6371
769.907,96.5318
715.314,33.5913
680.243,17.8576
718.209,51.8359
679.981,68.8401
684.315,62.8891
755.967,28.7269
701.877,26.9785
655.596,35.0277
657.67,33.1996
780.827,80.1549
772.505,96.4119
761.282,16.621
780.674,85.7789
707.148,64.8572
770.9,29.634
656.298,81.9436
714.223,36.6422
647.115,92.1478
700.68,45.2058
702.772,41.154
729.982,59.1142
704.979,52.5699
765.675,58.5227
713.414,36.0927
701.981,56.4094
768.872,52.0066
699.969,39.171
703.337,76.9855
716.324,50.7447
756.093,75.7466
673.755,47.4139
684.908,64.4455
704.366,51.6731
766.803,42.2963
726.085,19.1281
706.843,48.7786
660.644,21.8326
666.602,81.8589
673.19,72.2297
725.075,27.1984
733.496,18.1462
670.358,26.6281
717.597,35.4393
699.157,60.7208
782.268,55.568
715.13,53.1332
775.116,69.3236
714.931,51.1921
769.068,78.7774
756.571,64.3054
775.293,21.7485
712.033,34.1926
668.233,20.5963
671.076,53.8606
681.782,24.9847
752.313,61.3955
774.105,70.1493
763.358,88.3774
774.264,18.2615
777.122,33.9402
769.18,79.1267
780.118,66.849
767.625,83.0584
702.065,72.8689
766.427,97.0809
710.974,58.5283
759.085,69.2497
778.084,104.199
670.777,33.5758
767.149,102.4
669.79,27.4209
775.965,29.3055
764.773,66.8599
643.872,70.6514
777.296,101.006
653.512,67.1235
763.051,87.1737
652.779,68.568
120.555,174.72
104.621,160.187
122.526,176.083
107.733,151.289
127.077,224.696
128.233,222.424
109.214,172.248
109.54,169.349
129.822,220.087
130.479,219.729
59.3463,166.25
127.584,180.408
59.7038,166.024
44.4484,183.258
38.2267,151.923
82.4201,174.752
34.5348,120.662
88.8898,178.287
83.9095,231.143
48.576,161.584
63.4932,227.056
93.2282,155.767
46.7917,153.558
74.9076,225.213
79.0427,191.382
47.6515,161.899
47.3231,201.26
60.5094,154.915
38.3067,140.68
109.168,223.719
93.449,159.328
103.452,182.44
45.2911,166.722
46.4834,143.419
86.0133,151.418
107.711,233.736
44.2358,143.45
114.207,212.446
44.8659,165.377
93.1705,207.498
89.1544,170.296
47.9101,169.873
111.149,193.362
99.2354,199.695
77.363,179.859
75.5332,203.635
110.898,193.323
47.468,148.536
94.8175,128.859
49.9129,172.161
88.1465,203.779
108.509,203.616
107.998,201.767
74.911,205.768
126.57,148.338
68.5801,144.23
88.1948,133.582
71.584,208.438
91.3845,205.075
109.926,226.307
89.5145,143.991
35.6273,131.08
68.8243,143.225
45.7962,194.205
74.9393,181.167
76.9381,235.908
67.701,143.447
67.9678,148.581
125.236,151.634
114.67,212.867
60.2345,128.621
71.5959,126.113
32.6315,146.286
99.8123,231.895
43.972,126.653
78.6093,124.366
93.8595,224.493
74.097,185.47
77.6503,165.326
54.638,196.457
69.2456,138.329
73.5498,186.452
52.6571,207.789
102.035,187.96
65.7441,216.152
47.1661,152.894
79.6891,167.297
53.8801,152.86
102.043,187.677
56.6869,188.428
87.4745,140.244
82.2154,183.483
55.8701,188.343
54.8743,217.679
77.5822,161.767
72.2037,189.684
121.6,158.425
103.044,136.668
86.0039,169.929
89.3446,194.902
89.4398,180.73
117.199,160.308
56.2102,145.54
60.8229,184.802
37.3939,178.208
121.398,159.003
101.524,205.416
57.776,147.708
232.985,142.983
243.071,207.354
232.744,143.869
226.374,150.701
227.408,149.409
237.837,215.282
242.109,147.712
242.945,207.349
181.795,220.041
236.695,216.928
234.699,201.644
252.428,214.113
230.362,124.355
240.203,146.841
306.971,195.292
250.104,198.368
248.364,200.729
296.238,127.947
244.664,149.079
292.036,135.106
167.196,162.696
290.244,122.774
223.72,154.246
171.057,156.008
232.117,199.804
177.293,227.074
302.76,132.948
254.874,215.777
302.367,202.556
186.718,212.978
252.059,195.874
188.575,225.187
245.118,150.244
311.758,188.271
178.295,160.582
313.534,200.777
233.944,220.146
289.512,136.896
165.004,164.349
255.737,216.969
231.255,198.793
175.024,229.01
300.455,190.292
175.177,214.917
300.286,204.448
201.571,147.219
313.834,185.922
174.218,213.495
188.771,210.464
249.898,153.032
192.164,150.606
286.531,140.359
298.142,206.957
191.821,149.465
183.472,162.954
172.819,231.601
256.844,190.924
260.227,220.01
190.732,208.067
296.754,207.972
222.928,131.837
192.043,207.797
285.482,128.144
204.768,145.097
209.704,175.079
210.94,184.347
213.938,165.996
283.098,145.116
293.54,212.453
261.962,182.785
278.114,149.415
203.794,156.08
188.077,148.811
281.16,121.547
193.833,168.027
200.818,198.665
206.513,143.38
283.495,182.127
282.549,121.099
225.821,133.575
194.037,142.959
195.322,144.044
200.509,156.475
205.891,148.997
208.125,142.539
375.146,181.585
369.275,189.363
368.136,190.954
375.217,181.199
366.195,175.554
384.048,188.176
367.973,177.482
382.183,187.13
381.707,172.418
444.173,168.324
380.089,174.701
366.489,193.601
386.56,189.905
439.56,175.677
383.667,169.95
450.634,173.873
448.864,161.008
365.657,194.376
362.842,172.766
459.927,232.427
384.768,169.439
387.395,191.002
437.74,162.936
448.829,234.139
437.192,177.512
450.989,158.814
436.69,161.587
462.191,230.085
435.331,179.988
452.942,156.161
388.414,164.851
391.908,194.19
434.382,180.602
464.198,227.438
454.372,155.655
465.331,227.208
359.602,207.18
430.753,185.525
398.014,200.291
415.853,155.184
361.961,150.378
371.95,214.313
363.98,163.322
358.923,130.564
369.927,201.207
359.927,137.005
362.903,156.087
370.887,207.305
360.916,143.329
373.949,227.281
374.921,233.348
372.884,220.048
326.248,128.893
330.593,127.92
424.311,180.04
335.278,126.894
339.656,125.926
398.93,185.028
470.398,171.013
348.265,194.98
353.229,194.002
460.16,173.02
409.304,183.006
475.316,170.032
419.392,181.006
359.93,150.076
372.183,146.405
414.152,182.034
393.983,186.009
358.94,143.651
465.234,172.015
348.638,123.924
370.193,133.645
371.164,139.719
327.856,198.981
373.148,152.393
344.241,124.914
360.927,156.459
381.149,203.731
337.887,197.003
384.176,223.366
357.928,137.196
332.877,197.994
404.106,184.007
368.934,207.911
382.181,210.694
369.964,214.526
383.186,216.95
371.927,227.058
358.263,193.005
385.167,229.666
370.894,220.352
342.836,196.026
361.92,162.8
391.287,175.827
429.381,179.05
374.23,159.736
358.706,144.649
350.914,183.802
360.705,157.233
355.875,182.815
401.564,173.813
433.134,139.362
421.948,169.798
368.703,209.006
330.451,187.818
444.133,210.178
446.123,222.81
445.096,216.091
443.158,203.944
426.955,168.811
456.711,162.944
442.144,197.445
432.114,132.683
472.775,159.79
431.109,126.335
396.595,174.797
335.587,186.805
434.117,145.564
462.707,161.785
406.803,172.781
435.115,152.177
370.684,221.641
467.837,160.78
340.798,185.794
411.803,171.803
361.052,181.885
416.811,170.801
325.431,188.776
356.017,190.189
447.706,149.245
340.708,193.219
345.805,184.787
335.666,194.214
330.621,195.213
462.568,169.184
406.682,180.214
401.645,181.213
427.064,176.181
332.644,200.121
411.738,179.223
467.557,168.219
345.856,192.218
343.201,198.075
396.469,182.234
351.273,191.178
403.889,186.147
416.717,178.238
444.67,129.394
458.722,219.822
430.568,139.48
421.858,177.235
414.489,184.093
471.238,172.867
442.569,216.783
431.023,138.372
442.04,209.305
425.294,181.872
440.564,204.076
392.164,182.995
527.298,136.246
525.94,127.794
629.19,186.379
522.315,179.087
527.597,137.143
636.945,163.073
526.523,179.099
526.05,178.904
512.068,161.206
509.138,147.281
511.003,162.915
625.791,175.189
523.31,233.474
522.041,221.894
520.292,219.963
522.316,235.445
621.086,216.295
621.099,217.626
506.594,144.565
507.163,145.516
626.595,177.258
527.269,226.895
518.088,218.078
620.758,215.594
536.455,124.286
509.398,165.896
518.215,152.82
533.156,139.803
517.21,216.842
623.228,166.201
506.049,171.819
624.051,169.99
517.502,152.563
585.052,223.711
533.848,167.627
623.929,169.852
565.134,228.083
576.776,223.524
534.994,165.388
563.313,225.771
534.804,163.835
512.858,213.364
561.177,224.543
565.406,178.549
560.27,223.339
536.503,158.668
573.242,229.245
508.999,208.304
533.96,153.445
574.786,185.151
573.956,182.674
550.301,176.905
512.193,207.432
573.748,225.797
565.304,178.874
578.751,218.646
600.896,149.031
569.125,197.943
599.806,129.665
600.67,148.537
575.193,185.946
633.08,213.079
636.765,214.159
560.192,166.258
531.036,151.098
531.792,153.647
603.262,150.217
597.867,129.087
530.903,153.837
584.376,201.665
522.083,166.075
613.288,157.283
594.354,147.098
557.8,183.08
537.96,233.377
585.9,165.103
550.335,203.265
556.634,185.669
529.919,156.602
540.509,230.867
566.52,172.461
534.679,234.833
616.591,149.631
555.093,188.373
513.81,179.284
554.891,140.563
554.36,189.847
605.739,151.049
513.057,174.838
566.23,173.243
594.148,230.3
608.794,172.864
531.044,185.123
528.053,183.854
511.833,179.694
558.484,165.488
535.375,150.281
541.493,138.292
558.228,163.562
534.228,186.892
548.685,154.12
615.842,126.174
592.724,137.985
542.376,146.682
634.904,172.68
590.087,170.834
551.489,162.959
634.847,201.429
596.773,195.099
598.492,150.616
536.217,188.281
566.847,168.773
552.513,147.243
549.125,128.879
517.952,206.874
623.038,150.714
558.579,159.903
625.186,156.42
553.227,147.859
606.511,206.319
615.117,167.325
607.495,139.046
517.75,141.815
628.446,153.986
515.878,205.875
573.751,159.184
600.647,194.328
578.387,213.289
546.027,138.007
629.065,194.8
580.111,231.162
554.004,151.383
616.805,184.883
630.206,202.12
756.666,218.354
687.312,169.492
691.691,200.343
780.989,190.625
643.129,167.182
672.573,164.718
643.833,214.036
756.572,140.496
646.044,160.484
654.814,228.777
654.419,229.553
665.722,165.022
741.309,176.255
677.757,206.848
740.992,159.473
773.89,218.512
773.84,216.426
744.455,160.16
673.389,177.757
784.134,215.098
760.749,194.426
673.108,206.37
672.299,206.665
692.513,160.747
711.028,157.033
679.918,162.321
698.658,197.919
709.406,156.727
692.195,160.901
723.879,195.427
711.719,157.519
687.794,182.486
640.832,191.398
679.168,169.248
764.883,210.41
722.787,162.679
774.409,143.133
764.874,210.093
774.351,144.02
765.802,222.919
774.533,198.194
705.307,166.125
680.748,162.627
662.473,216.731
679.538,171.749
735.165,224.108
752.726,156.902
774.878,226.29
690.775,210.204
705.312,166.837
687.965,209.235
703.332,166.35
701.84,160.505
746.462,196.279
786.501,125.575
682.207,179.258
686.994,169.501
689.924,210.223
682.24,181.114
767.149,134.716
752.833,189.366
682.321,183.293
767.384,134.655
723.728,206.017
747.526,165.487
777.942,127.268
753.515,147.099
730.009,202.146
698.568,188.767
673.689,214.818
699.214,182.299
700.37,152.128
696.968,190.547
775.974,148.904
675.301,189.741
763.22,130.187
697.018,181.976
715.924,170.633
684.022,191.808
763.905,131.528
650.597,153.684
725.677,232.275
660.159,207.798
696.731,179.373
752.977,199.147
665.708,176.625
656.801,157.029
651.692,219.499
709.082,207.526
737.244,209.491
713.801,170.039
783.589,148.237
781.188,228.523
653.581,149.723
652.503,150.604
726.846,222.798
738.783,227.229
682.613,197.589
681.234,197.058
744.804,229.431
782.015,237.466
774.605,231.746
658.912,202.07
726.108,225.184
671.61,157.353
658.029,167.863
680.901,195.263
139.995,301.738
136.826,288.276
138.091,286.021
147.876,347.592
146.587,349.511
58.0949,267.856
139.75,283.507
142.751,304.887
105.674,265.518
149.347,345.127
61.0806,284.25
109.602,344.302
75.9997,316.534
105.589,265.406
76.2582,316.578
105.245,330.923
85.1368,304.943
131.925,295.511
65.8726,289.96
104.831,331.842
115.858,347.713
88.2267,322.973
79.5002,292.891
113.433,281.55
92.0547,316.764
88.2043,282.263
79.2413,293.282
105.938,337.104
113.964,309.062
117.327,274.143
84.5333,270.311
80.6429,320.679
92.1961,307.952
82.3928,346.778
104.23,349.117
66.5917,279.208
79.7075,353.802
85.0094,269.713
78.9327,299.431
68.0353,300.537
78.2149,329.205
98.7764,278.11
110.15,309.643
99.5713,294.824
65.026,270.205
98.8087,290.621
97.3701,296.263
91.7761,300.996
72.4193,250.068
139.503,355.494
78.742,334.992
69.5198,247.941
60.5175,259.435
58.2763,249.254
117.215,273.542
134.507,346.979
131.043,325.26
102.314,351.044
72.7624,247.991
87.6673,267.042
120.314,351.582
124.781,315.729
63.5122,277.781
134.929,346.049
83.6074,287.318
91.3149,328.533
128.693,338.723
104.002,294.514
89.8582,265.76
66.2462,274.183
68.6171,303.698
58.5804,276.399
95.0332,338.545
96.741,336.286
76.3224,246.342
101.83,255.626
94.0835,340.165
79.1361,270.561
83.95,331.849
63.2998,276.308
69.7081,275.619
73.2996,332.998
99.2502,320.951
124.08,285.22
114.241,333.294
125.467,286.338
91.9914,275.107
108.189,251.07
122.627,300.588
54.9302,281.693
69.8204,273.454
70.5542,257.909
85.5174,297.221
116.68,289.995
87.8197,330.64
128.448,305.117
241.242,354.785
253.794,273.955
191.848,284.823
317.552,263.018
248.087,281.127
254.835,331.444
244.878,267.709
246.875,282.891
270.526,329.408
262.8,280.399
260.277,265.012
258.164,267.352
252.223,329.682
272.583,326.909
312.983,269.914
187.266,291.588
196.801,277.961
242.28,265.77
198.512,289.978
265.158,282.266
273.433,326.781
251.246,328.711
262.266,262.395
206.245,340.399
311.126,257.928
185.5,279.727
244.053,285.989
201.914,346.233
263.392,336.593
265.924,283.334
277.857,324.234
310.478,271.919
263.177,261.934
241.549,264.666
195.119,341.717
184.977,293.604
198.911,275.642
246.285,326.43
208.576,338.411
281.273,319.975
182.974,296.023
200.859,273.145
182.161,296.581
202.204,272.657
211.894,335.378
205.327,293.053
199.468,354.501
178.878,356.465
215.385,331.335
301.98,345.894
299.312,346.016
208.271,350.414
211.709,264.191
215.792,298.58
274.345,342.214
328.628,354.489
341.516,354.658
385.879,251.056
380.076,258.389
376.961,244.815
378.964,260.057
378.786,246.703
387.25,311.45
402.971,309.393
394.858,257.773
388.581,312.707
401.147,311.342
344.312,341.668
343.74,341.458
392.872,256.591
384.844,309.853
391.159,244.195
405.02,307.196
377.137,262.591
406.154,307.461
384.168,308.893
323.992,268.258
461.661,244.749
322.352,256.179
470.605,300.707
332.264,321.439
397.984,260.75
345.77,338.021
459.331,302.305
410.105,304.004
448.317,248.151
321.092,322.889
395.998,316.997
327.965,327.297
472.755,299.092
324.532,254.004
334.596,319.644
378.862,306.569
426.242,287.846
465.981,306.296
428.344,294.554
417.031,297.175
446.14,250.775
417.098,301.719
372.539,268.064
454.325,298.878
337.737,316.972
473.063,309.326
341.29,312.944
400.181,322.413
345.714,308.889
446.949,293.407
400.098,323.404
442.316,293.98
366.122,275.214
448.39,311.593
442.817,291.662
428.591,315.135
412.757,319.912
411.491,318.233
412.107,318.227
329.001,343.375
413.632,319.916
468.035,308.217
459.585,309.897
429.81,321.835
513.601,341.418
588.902,332.417
512.125,331.622
582.3,257.584
587.418,322.627
531.41,289.839
588.984,265.869
597.518,304.409
528.887,287.392
569.903,291.554
587.513,269.669
533.709,311.848
532.971,312.159
605.445,250.607
570.334,289.892
572.451,328.279
594.368,287.817
564.927,333.666
595.874,316.818
530.917,327.944
566.064,335.926
522.223,325.97
576.789,301.087
522.433,325.724
601.88,335.619
602.084,335.642
559.759,291.977
553.957,288.236
561.389,294.362
557.259,290.541
524.273,323.359
593.103,346.364
561.232,344.308
575.858,330.257
599.4,308.76
591.852,349.047
576.252,333.491
524.135,333.892
581.341,251.298
604.566,281.737
576.515,335.187
593.947,350.632
597.947,323.841
605.463,284.216
616.011,291.032
621.874,283.77
554.918,335.056
593.636,347.569
621.242,281.469
540.914,248.067
606.093,350.034
585.811,293.428
619.078,271.253
605.928,293.307
527.863,343.891
595.593,346.07
555.173,332.034
538.057,247.16
619.847,275.59
597.916,345.991
558.358,327.089
606.691,334.635
543.865,249.311
617.782,262.409
599.187,259.274
618.086,266
601.918,343.572
515.786,304.799
603.374,295.776
544.354,325.158
604.107,323.177
508.745,345.372
528.468,352.286
506.818,319.044
578.148,269.301
539.807,338.672
547.098,296.654
567.28,353.927
617.694,289.193
575.783,342.154
545.885,251.87
540.872,349.926
577.814,341.777
507.334,324.454
637.186,282.244
622.377,276.195
555.982,316.375
554.584,316.469
577.696,341.937
577.02,349.835
528.913,276.815
527.888,270.384
577.504,279.523
598.846,345.709
534.302,335.074
547.15,320.161
645.101,253.765
643.919,245.037
784.314,298.821
665.058,293.923
664.15,295.038
763.091,341.887
775.528,295.97
771.954,262.526
768.978,241.656
771.195,259.182
658.603,255.123
658.399,255.381
771.259,259.243
745.622,262.864
770.924,254.759
765.714,332.538
768.421,301.016
647.553,268.223
779.948,254.131
755.253,265.11
742.428,254.556
779.516,308.994
762.868,329.886
775.014,340.891
777.065,244.876
649.029,266.338
761.917,244.547
760.977,333.083
761.656,296.275
649.887,277.004
650.131,279.589
740.489,243.805
782.035,325.783
726.21,267.743
651.532,265.765
763.512,249.769
662.814,268.773
727.6,267.699
731.5,246.133
658.472,262.459
732.884,255.987
654.541,284.115
654.718,282.962
750.931,328.378
769.946,346.939
776.123,309.364
641.144,258.074
779.344,242.214
772.867,327.533
760.025,254.149
149.936,438.219
126.408,427.324
131.051,440.017
94.6473,426.844
96.4732,421.994
132.239,418.289
115.034,418.069
114.855,418.306
86.5068,412.507
96.2335,421.317
99.0667,394.63
123.083,391.532
74.14,369.01
82.3615,435.202
81.7323,364.164
89.603,465.736
89.3901,432.134
81.8948,387.372
115.525,423.7
145.412,450.422
102.523,367.118
88.6469,438.718
121.901,448.685
92.5513,416.155
102.423,460.713
90.6041,373.277
136.836,388.768
112.792,370.47
110.895,414.902
102.053,460.748
117.816,413.194
87.8178,395.341
92.8149,378.165
125.546,434.447
111.597,374.011
107.596,432
152.069,431.293
104.952,387.652
104.359,410.766
124.196,382.862
115.584,369.657
86.2653,399.67
86.571,401.525
83.2535,428.954
93.2258,390.91
127.787,367.888
146.158,462.753
103.273,408.466
86.7474,400.447
134.454,403.435
91.0608,443.329
130.286,378.879
133.83,403.886
85.9327,404.612
130.153,373.189
105.804,457.733
154.259,454.73
89.3347,405.632
80.8082,458.617
97.7473,372.092
107.263,474.548
151.799,365.071
117.093,380.548
125.272,401.58
137.188,459.345
140.842,379.973
89.5474,459.085
89.2738,421.859
130.912,385.092
140.505,373.089
256.575,452.427
255.753,452.114
250.55,417.79
249.136,417.378
304.799,399.99
307.978,361.796
306.944,397.651
306.856,396.078
244.943,455.234
243.263,455.626
242.737,455.548
246.674,456.982
234.927,383.278
220.365,378.374
231.14,443.925
302.029,382.109
185.88,369.469
190.186,408.501
304.946,379.785
238.273,436.286
242.261,437.697
237.357,418.042
272.514,430.216
187.242,366.402
189.664,409.474
232.853,447.112
293.296,406.854
302.024,379.041
236.636,417.912
240.236,387.919
304.238,383.071
291.311,366.089
255.42,443.476
184.047,360.68
195.698,415.523
208.535,367.162
163.597,430.082
260.604,438.946
304.33,380.086
208.234,368.883
258.477,441.573
233.555,398.263
228.062,428.373
300.272,470.95
292.865,401.697
253.765,432.12
261.783,438.76
234.74,452.263
228.305,422.063
228.336,425.022
276.37,429.603
293.409,377.31
306.948,373.273
222.67,416.857
227.124,429.625
253.153,406.9
176.023,385.193
262.626,421.654
201.089,426.614
203.489,381.358
205.757,459.485
255.772,404.25
224.219,441.321
203.928,386.357
177.192,395.877
217.209,386.805
289.453,400.325
229.33,476.69
257.223,403.87
235.112,392.99
215.237,388.038
262.326,398.803
232.724,389.101
256.417,432.989
178.916,402.871
270.096,456.104
227.295,465.38
211.19,376.502
312.013,364.448
164.724,385.101
286.42,399.858
270.556,458.13
187.172,384.698
187.547,437.626
270.831,458.67
189.524,386.421
209.729,400.892
268.101,394.441
211.164,449.083
194.136,422.286
229.209,379.667
180.001,425.937
196.476,388.76
227.341,365.488
284.794,398.818
232.836,410.466
170.035,433.61
193.773,423.478
232.699,414.616
235.245,411.027
216.035,390.255
180.094,427.724
307.666,378.612
223.129,390.459
334.227,395.46
347.604,379.955
352.807,385.466
322.893,384.405
348.099,472.883
339.893,375.798
367.901,472.927
345.811,367.928
365.413,461.096
363.929,459.188
332.977,473.257
343.971,367.252
336.202,364.993
348.821,462.326
354.622,394.2
356.684,443.402
337.883,466.653
347.915,462.686
331.767,382.732
340.15,467.245
362.801,477.317
321.436,370.57
341.767,398.049
344.778,371.795
342.742,402.836
332.648,370.313
351.839,375.544
333.117,372.582
326.38,477.668
350.972,372.776
360.724,397.724
359.387,398.786
352.007,415.159
362.928,397.726
348.807,419.577
350.65,417.632
342.192,421.918
335.111,383.024
363.328,397.322
342.667,428.586
367.094,454.386
499.146,407.264
558.111,459.1
504.047,451.649
610.498,375.456
609.493,376.617
500.074,428.718
502.792,440.987
545.72,383.27
544.725,385.108
534.873,402.129
507.634,405.338
504.231,446.833
504.13,447.089
534.772,467.028
493.126,390.786
500.115,417.923
536.145,403.632
550.864,375.674
536.063,401.794
548.901,400.445
522.342,410.491
507.083,424.076
507.241,433.701
565.603,363.043
556.559,382.007
552.61,443.626
499.586,423.01
507.147,422.454
552.289,442.27
546.443,409.792
498.988,422.225
633.122,453.516
504.267,465.103
507.954,432.915
532.953,446.222
551.884,416.086
569.362,456.784
594.406,362.41
568.22,457.364
548.587,441.169
615.706,369.17
542.197,362.196
528.724,414.961
519.403,447.611
514.894,469.89
616.749,367.325
598.524,366.719
540.745,462.012
505.789,372.953
521.45,447.256
502.068,367.816
551.64,437.149
530.861,428.991
504.33,369.113
676.855,368.628
677.886,367.467
699.812,455.744
691.083,377.953
701.883,454.024
691.014,399.284
704.291,451.454
728.061,453.961
688.43,410.355
688.307,411.004
702.587,422.989
694.236,369.865
726.132,463.112
693.561,462.272
697.445,372.389
687.44,460.226
684.113,459.031
698.663,426.143
699.762,372.396
700.191,409.446
698.114,427.725
698.844,432.089
700.432,436.851
676.837,426.42
696.133,429.098
696.378,416.596
123.247,518.966
104.712,522.945
104.793,522.895
128.934,526.941
136.403,521.724
106.357,498.298
131.276,546.116
112.973,515.086
99.9543,488.716
112.001,542.68
102.954,488.745
131.013,536.233
116.157,526.214
109.294,537.223
141.327,552.542
110.56,537.874
135.191,495.867
141.54,552.919
96.9769,548.902
116.734,510.241
90.2593,547.984
119.131,538.62
156.124,536.58
110.867,556.169
156.555,509.108
145.203,489.058
141.031,543.248
139.248,512.779
134.411,492.36
136.104,504.521
128.864,554.228
142.544,542.583
115.181,534.868
113.357,499.648
127.551,484.342
117.271,530.183
89.7748,512.03
88.4255,509.101
89.3296,522.391
131.959,555.434
139.334,509.822
273.312,546.151
206.28,533.449
216.542,540.591
198.391,541.609
216.758,540.32
198.141,541.145
257.652,546.784
256.746,546.503
280.343,519.776
280.485,518.102
183.71,499.14
183.611,499.04
299.254,524.945
169.682,496.927
215.966,504.264
188.133,534.278
223.834,482.038
167.201,536.008
248.591,535.026
223.627,493.177
204.069,518.234
236.156,531.408
248.187,534.959
283.157,551.109
240.516,538.016
206.803,523.472
248.698,519.148
223.086,493.355
205.027,520.81
306.983,550.428
246.864,504.829
314.006,555.442
217.556,514.363
181.154,493.682
249.245,519.5
300.549,517.342
301.65,521.221
217.872,515.29
163.74,526.031
202.32,498.213
247.191,505.898
169.86,546.87
243.026,494.174
288.601,558.367
221.791,500.215
201.542,497.854
214.382,513.974
172.413,547.155
246.542,496.531
213.37,511.79
275.153,528.974
272.029,531.368
227.233,506.407
242.904,494.072
269.431,533.017
236.496,513.098
297.161,512.222
235.823,515.613
186.641,540.5
236.333,513.193
403.514,548.051
368.355,484.394
364.529,493.62
413.949,543.154
382.136,558.018
328.048,553.889
350.704,498.886
373.676,584.054
362.429,496.102
350.813,499.011
336.339,500.203
377.15,552.886
366.12,547.138
373.191,523.552
376.825,554.786
356.695,552.097
366.363,546.43
382.22,550.519
377.968,564.073
343.517,491.744
356.888,553.517
404.87,550.862
393.384,545.218
413.608,524.415
387.061,519.843
371.41,520.003
393.823,543.317
342,548.146
343.884,506
363.185,498.613
393.023,544.311
413.843,527.817
410.733,522.133
370.803,518.989
416.064,531.235
400.839,522.241
368.684,515.054
389.166,524.753
360.128,496.108
355.236,517.537
366.427,585.752
352.524,514.95
328.786,505.91
372.992,497.748
368.376,522.238
336.859,484.13
327.517,520.956
326.593,520.969
362.473,543.22
415.23,534.609
326.602,506.951
333.563,545.143
396.445,525.786
347.599,544.449
373.132,558.928
361.4,485.057
376.866,543.474
334,486.345
391.242,576.828
355.701,551.997
710.469,494.178
656.947,572.504
645.689,577.101
652.926,570.148
653.469,569.485
