231.776,84.9695,82.686,5.06247
231.409,108.518,77.3721,29.1459
161.249,110.261,1.06271,12.7471
224.089,100.207,71.2825,18.723
225.573,114.6,69.8592,33.9011
225.707,102.474,72.54,21.4713
302.531,105.442,152.966,44.0066
239.597,99.6506,87.9547,22.1493
237.905,101.749,85.715,23.8661
166.735,116.51,5.7522,20.6823
221.473,97.1317,69.1242,14.8829
220.696,96.5857,68.4058,14.1196
242.005,96.3496,91.2054,19.3855
307.94,111.373,157.363,51.3607
296.436,111.509,145.368,48.6351
166.859,104.175,8.49777,7.89343
243.048,95.8531,92.4178,19.1452
296.458,99.722,147.825,36.6847
308.129,99.3641,160.034,39.2531
169.612,102.185,11.9297,6.55072
260.437,106.978,108.528,34.9685
272.547,106.378,121.417,37.4221
310.716,112.995,159.909,53.6908
310.837,97.3094,163.265,37.8528
293.997,97.9638,145.622,34.2808
293.068,113.359,141.472,49.6722
173.552,98.3588,17.0421,3.616
291.278,94.3702,143.528,29.9461
225.697,89.5908,75.2252,8.2262
257.435,106.862,105.379,34.088
238.004,88.8828,88.5066,10.6972
275.56,106.053,124.651,37.852
308.178,85.81,162.878,25.5467
296.403,86.1921,150.562,22.9468
209.413,95.2358,56.5686,9.79349
254.503,106.368,102.379,32.8379
285.373,90.8603,138.084,24.8819
265.907,101.889,115.357,31.1631
278.795,105.389,128.184,37.9923
255.662,82.4961,108.573,8.73297
254.413,83.2338,107.099,9.16382
253.101,106.697,100.826,32.8177
249.114,82.1915,101.704,6.72443
279.739,105.312,129.19,38.152
185.471,95.2792,30.6696,3.56396
401.141,90.8835,256.587,53.7252
418.077,87.8149,274.129,54.7966
418.12,88.8925,273.954,55.8759
375.499,76.0583,233.595,32.5874
376.317,76.3219,234.368,33.0543
384.34,64.6008,245.029,23.3851
409.455,64.9998,270.135,30.0325
384.759,63.8653,245.6,22.7559
386.759,79.5355,244.397,38.8814
407.149,80.364,264.758,44.7386
407.435,97.6993,261.508,62.0311
407.134,112.859,258.139,77.0247
366.631,95.3295,220.9,49.718
365.684,92.6634,220.482,46.8151
428.463,77.5137,286.449,47.0983
366.638,111.017,217.709,65.4269
407.099,80.4723,264.686,44.834
364.369,91.367,219.411,45.1922
400.603,104.133,253.363,66.7779
426.111,76.9984,284.164,46.0032
399.905,75.0291,258.372,37.6071
413.83,59.8427,275.541,25.9959
367.557,71.1565,226.768,25.7463
361.81,87.2926,217.642,40.4768
414.154,55.2201,276.798,21.4879
389.882,66.2472,250.272,26.4109
426.32,57.929,288.345,27.1938
354.672,78.7144,212.128,30.0968
420.181,77.4697,278.198,45.0264
421.811,51.9469,285.077,20.1476
367.368,83.1903,224.123,37.7464
374.82,104.173,227.184,60.5263
374.749,104.519,227.042,60.8549
352.874,51.9406,215.768,2.77084
427.952,65.9101,288.354,35.4997
396.053,70.2387,255.48,31.8853
439.869,77.1437,297.82,49.5082
407.929,94.5624,262.637,59.0334
396.316,59.9799,258.005,21.7714
384.481,101.218,237.738,59.966
383.681,51.1112,247.107,9.75565
405.126,53.0607,268.227,17.089
433.959,71.2572,293.047,42.2264
392.844,111.36,244.103,72.1038
397.009,57.0746,259.289,19.0515
392.832,112.607,243.838,73.3435
380.646,94.7591,235.18,52.5818
390.566,78.263,248.384,38.5316
420.015,68.9627,279.676,36.5354
391.628,80.5101,249.169,41.0692
409.159,53.4043,272.185,18.4389
394.512,57.0739,256.784,18.4257
380.87,99.7861,234.384,57.6568
381.6,96.613,235.767,54.6665
386.366,109.862,237.883,69.048
380.398,91.265,235.64,49.0314
461.342,118.348,310.732,95.2603
392.132,118.211,241.997,78.7599
411.129,40.3622,276.788,5.97778
409.07,35.9435,275.629,1.06863
421.154,71.7349,280.249,39.5637
464.94,85.1793,320.964,63.4915
373.805,88.2538,229.398,44.3608
462.696,85.851,318.631,63.6155
438.854,62.8348,299.7,35.123
387.664,40.8075,253.208,0.483612
415.764,72.2842,274.773,38.7847
429.046,34.0339,295.865,4.21344
427.338,107.275,279.413,76.3108
429.576,92.3199,284.65,62.0417
410.003,38.306,276.082,3.65134
573.857,79.1658,426.692,83.2299
524.619,13.6985,392.858,8.04199
489.127,87.1517,344.09,71.1703
556.634,79.5092,410.359,79.5704
594.976,72.7226,447.803,81.9081
574.619,17.2194,439.536,23.6545
524.434,53.2195,384.847,46.4534
545.302,89.3128,397.667,86.4353
574.529,18.6232,439.175,24.9867
505.903,61.1147,365.479,49.7054
610.2,56.8265,465.038,70.1612
525.312,51.4406,386.04,44.9331
523.076,96.3192,375.047,88.0852
527.017,49.214,388.112,43.1763
491.248,76.3205,348.367,61.0822
514.745,78.4284,370.595,68.7085
538.134,77.6044,393.153,73.4077
563.988,72.9954,418.591,74.982
635.444,56.1776,488.447,75.3576
586.198,15.9731,450.632,25.2465
526.738,43.6261,388.953,37.6742
511.156,80.9607,366.639,70.3305
524.098,109.937,373.328,101.574
516.992,60.8919,376.191,52.143
506.78,79.2177,362.769,67.5958
552.048,101.624,401.649,99.9166
581.568,71.9148,435.321,78.0158
545.991,107.844,394.663,104.557
586.346,75.8564,439.074,82.9243
519.105,104.859,369.54,95.4795
537.919,57.9732,396.786,54.292
522.683,75.083,378.917,67.3314
609.781,81.2025,459.813,93.4113
510.215,91.5485,363.629,80.437
514.339,93.3124,367.249,83.1215
557.998,94.1401,408.768,94.039
627.013,33.8701,485.076,52.1121
627.479,61.0067,480.062,78.1165
626.853,60.3903,479.604,77.3837
538.798,57.7348,397.67,54.2695
543.195,72.9311,398.813,70.0427
573.936,95.4234,423.572,98.9288
511.008,55.7987,371.451,45.7437
545.416,74.0497,400.812,71.6702
553.076,89.8158,404.954,88.7207
593.501,83.1857,444.376,91.6251
521.626,84.881,375.924,76.6128
573.664,96.1915,423.165,99.6076
520.372,84.7835,374.74,76.224
545.644,74.2793,401.0,71.9496
548.045,83.6003,401.403,81.5353
611.5,97.2494,458.279,109.178
580.628,11.1724,446.443,19.2961
541.935,18.6789,408.374,17.1288
563.533,49.9773,422.656,52.6261
533.069,78.1385,388.214,72.739
601.17,62.3921,455.387,73.3731
583.457,107.486,430.16,112.713
592.256,57.1135,448.234,66.2571
564.05,101.985,412.951,103.008
617.423,88.6021,465.466,102.232
582.472,95.5065,431.585,100.954
582.827,118.319,427.443,123.003
591.744,48.2215,449.497,57.5879
535.886,97.9815,386.978,92.6681
531.065,76.7389,386.576,70.9084
533.382,106.747,382.851,100.605
500.084,67.5418,358.451,54.5621
608.895,70.4373,461.101,82.892
484.871,79.5297,341.536,62.7047
518.477,23.6197,385.012,16.1907
579.789,48.7937,438.189,55.3257
616.763,48.3987,472.77,63.6135
617.921,15.1112,480.333,32.0238
600.652,62.1181,454.958,72.99
498.124,68.9581,356.275,55.4776
523.608,31.0789,388.446,24.7079
536.19,99.9248,386.884,94.6252
604.516,75.5742,455.927,86.7938
536.087,100.334,386.705,94.9988
530.113,106.024,379.867,99.1512
510.515,47.8471,372.557,37.8684
561.014,20.3277,426.116,23.365
624.837,83.3824,473.35,98.9159
505.473,18.219,373.595,7.71976
534.011,87.8403,387.194,82.384
551.566,49.4181,411.445,49.2433
617.863,91.8425,465.242,105.433
585.343,42.8753,444.557,50.9368
546.113,44.165,407.308,42.8524
566.215,32.4617,428.632,36.3434
568.61,11.4074,435.113,16.6073
546.172,64.446,403.227,62.4974
544.97,81.1128,398.97,78.4087
559.978,48.7227,419.545,50.5702
604.207,64.0528,457.891,75.6695
548.049,28.6531,412.208,28.2849
540.748,66.4519,397.671,63.1631
560.875,45.843,420.96,47.9991
516.614,21.0139,383.743,13.1944
609.501,16.6839,472.227,31.522
610.13,31.3365,469.949,45.7154
532.759,73.4217,388.774,68.0675
570.666,27.7189,433.756,32.8322
572.03,70.0957,426.577,74.02
536.866,28.1236,401.685,25.0603
624.482,103.323,469.138,117.898
570.029,55.5747,427.68,59.5658
493.866,91.9877,347.723,77.0226
544.895,30.6934,408.812,29.4997
528.937,72.1257,385.277,65.8864
571.389,44.3489,431.167,49.0533
555.77,26.6188,419.922,28.1815
628.87,96.3867,474.547,112.25
568.071,27.9324,431.272,32.4149
510.779,25.9887,377.154,16.6105
628.864,51.0211,483.445,68.9292
533.587,91.8831,385.989,86.2127
493.998,102.173,345.821,87.0186
556.743,44.4621,417.325,45.6797
613.913,74.0641,465.175,87.5421
579.132,57.8446,435.795,63.8926
620.488,56.445,474.65,72.1774
591.488,101.059,438.992,108.35
580.155,28.787,442.459,36.1359
623.952,106.033,468.119,120.37
493.912,94.6222,347.242,79.611
541.42,33.8347,404.89,31.7063
618.288,113.106,461.491,125.878
588.936,61.791,444.079,69.9543
493.898,103.747,345.411,88.5352
620.96,40.9881,478.099,57.5009
595.327,26.016,457.274,37.1088
516.175,33.7942,380.785,25.5409
600.977,46.7714,458.262,58.3335
604.949,26.0218,466.014,39.359
500.738,47.0244,363.167,34.669
655.513,27.9714,512.321,53.1376
657.657,72.8654,505.698,96.3295
655.527,28.1747,512.294,53.3341
658.674,24.4564,515.886,50.5333
675.361,81.9002,520.085,108.868
676.372,80.594,521.256,107.856
653.882,15.9802,513.268,41.3761
674.297,26.3738,529.84,56.0096
675.569,27.1081,530.852,57.0001
675.407,102.993,516.055,128.864
678.562,76.123,524.107,104.109
676.737,104.093,517.052,130.197
675.534,101.636,516.433,127.606
677.035,27.3869,532.127,57.6036
738.273,91.0948,574.877,131.334
681.983,29.7005,536.161,60.9371
732.545,96.7473,568.697,135.397
744.544,96.0746,579.499,137.351
730.065,98.5301,566.145,136.535
666.665,18.8845,524.139,47.0868
664.891,94.7109,507.86,118.65
727.245,100.204,563.307,137.498
769.297,88.7703,602.766,135.84
726.869,101.201,562.781,138.353
665.611,33.5143,520.351,60.7263
744.543,22.3101,593.571,68.2888
732.863,22.7371,583.128,66.0343
659.159,59.0873,509.521,83.5318
747.27,23.4166,595.773,69.9426
730.087,23.9926,580.419,66.5804
678.595,91.9438,521.084,119.098
686.222,91.245,528.135,120.118
726.72,24.9192,577.245,66.6834
644.992,61.1879,496.146,82.3008
656.941,53.0138,508.774,77.2748
657.514,53.8387,509.138,78.1899
656.936,56.0214,508.187,80.1325
750.085,23.5002,598.245,70.658
663.28,100.566,505.257,123.853
749.929,25.6317,597.701,72.6164
721.409,28.7976,571.766,69.118
642.662,21.4121,501.833,43.8856
729.798,79.9385,569.462,119.027
718.001,90.1452,556.966,126.041
722.364,34.1205,571.599,74.3381
738.612,17.9132,589.154,62.821
714.838,34.4336,564.814,72.9245
750.394,77.6909,588.19,121.413
659.046,52.9264,510.714,77.673
231.716,178.297,63.1153,100.865
302.384,177.039,138.043,116.511
231.393,177.656,62.9034,100.129
225.62,172.855,57.7197,93.7912
225.515,184.322,55.2076,105.552
223.95,170.697,56.3791,91.1644
239.437,170.278,73.0436,94.5152
239.382,186.173,69.6675,110.797
237.47,172.622,70.4542,96.44
241.856,188.638,71.794,113.917
241.905,167.791,76.1952,92.5674
296.311,183.258,130.419,121.381
221.384,168.207,54.1445,87.9745
307.837,182.701,142.556,123.53
221.317,188.837,49.7524,109.18
307.942,170.933,145.09,111.644
296.327,171.464,132.872,109.422
242.714,189.839,72.4588,115.353
220.622,167.122,53.5529,86.6712
242.829,166.766,77.3939,91.7424
220.478,190.056,48.5947,110.231
293.438,169.222,130.315,106.459
310.71,169.062,148.354,110.408
310.572,184.543,145.022,126.036
172.129,169.282,0.49823,76.8838
290.253,187.356,123.233,124.112
290.932,166.733,128.207,103.333
247.729,194.489,76.8343,121.312
247.676,161.361,83.6812,87.3906
215.348,161.456,49.067,79.5384
215.429,195.584,41.9995,114.704
173.612,168.701,2.24402,76.6513
290.126,188.323,122.9,125.064
290.969,165.723,128.455,102.316
253.851,160.018,90.5209,87.5252
253.928,155.272,91.5905,82.6917
209.068,197.015,34.834,114.646
209.204,159.426,42.8705,75.9235
209.498,201.648,34.3264,119.526
178.829,163.858,8.96872,72.9316
254.196,201.595,82.2335,130.114
209.472,153.894,44.3206,70.2866
209.196,201.85,33.9576,119.662
284.56,193.698,115.949,129.216
184.572,197.524,8.13312,109.241
185.268,161.803,16.4232,72.4133
183.876,157.545,15.805,67.6537
462.172,150.266,305.095,126.849
384.673,151.609,227.719,110.305
384.444,160.537,225.591,119.144
374.882,139.334,220.089,95.6926
373.784,201.524,206.313,157.615
377.641,202.9,209.951,159.861
378.893,141.871,223.706,99.1922
471.333,214.055,301.432,191.615
367.548,169.867,206.637,124.56
463.041,125.76,310.914,102.949
366.609,167.866,206.089,122.339
365.616,186.049,201.37,140.316
366.59,183.158,202.952,137.645
365.198,165.183,205.199,119.323
364.291,186.961,199.834,140.925
423.285,143.028,268.196,110.777
373.991,174.272,212.072,130.414
363.801,164.303,203.956,118.116
373.803,174.388,211.857,130.487
362.559,192.182,197.002,145.759
395.593,150.526,238.87,111.761
393.155,149.788,236.565,110.456
362.312,158.988,203.523,112.442
469.829,204.89,301.789,182.285
417.779,126.833,265.95,93.4272
470.102,207.368,301.561,184.779
387.145,190.168,222.302,149.327
356.373,199.964,189.094,152.15
388.044,187.549,223.742,146.919
414.683,207.21,246.514,172.445
467.282,207.541,298.656,184.316
357.281,152.904,199.634,105.159
404.942,142.837,249.902,106.311
387.959,187.112,223.745,146.464
354.481,200.461,187.056,152.218
420.385,142.486,265.415,109.566
387.114,175.203,225.31,134.393
454.475,166.791,294.207,141.375
414.541,207.691,246.274,172.891
409.278,132.537,256.114,97.0476
394.187,142.783,239.107,103.736
388.217,178.082,225.84,137.517
415.351,226.814,243.221,192.046
454.064,186.128,289.921,160.336
411.552,192.908,246.396,157.576
421.835,193.708,256.521,160.672
447.136,154.545,289.424,127.635
423.079,215.568,253.223,182.584
439.633,140.732,284.811,112.28
398.781,164.371,239.27,126.285
379.812,127.779,227.622,85.3586
468.096,154.241,310.227,132.127
439.226,204.368,271.658,175.07
435.601,198.579,269.035,168.51
450.931,184.908,287.073,158.437
445.92,182.014,282.701,154.465
407.645,210.718,238.874,174.397
422.15,219.788,251.444,186.563
461.861,141.157,306.729,117.838
373.562,148.973,216.788,105.018
423.122,216.991,252.979,184.004
403.879,165.282,244.29,128.382
405.413,213.131,236.143,176.301
473.023,132.544,319.176,111.891
375.575,187.907,210.975,144.423
404.067,215.989,234.211,178.845
434.15,135.309,280.335,105.619
451.986,142.799,296.682,117.186
379.787,124.543,228.254,82.1205
404.378,151.361,247.61,114.654
417.457,197.794,251.105,163.701
402.498,217.506,232.325,180.007
386.949,130.883,234.201,90.1576
397.107,218.627,226.667,179.933
476.706,238.004,301.813,216.254
402.911,179.135,240.431,141.92
407.69,180.896,244.873,144.756
445.344,173.873,283.768,146.301
381.837,209.342,213.113,167.281
431.39,191.094,266.355,160.171
384.439,211.492,215.313,170.009
411.838,179.436,249.407,144.264
460.298,175.455,298.204,151.214
409.549,174.895,247.955,139.218
368.655,132.46,215.387,87.3787
439.566,154.565,282.044,125.948
415.416,180.747,252.642,146.358
460.779,222.382,289.284,197.507
386.982,126.358,235.153,85.6517
446.224,196.903,279.907,169.203
461.31,204.469,293.498,180.015
382.647,139.377,227.941,97.5747
368.465,195.503,202.345,150.431
441.391,167.511,281.134,139.128
441.575,166.495,281.521,138.166
375.514,124.863,223.726,81.3878
474.398,189.654,309.317,168.321
529.394,218.844,356.794,208.652
516.944,212.171,346.122,199.524
610.447,188.553,439.457,196.431
484.312,204.435,316.061,184.982
510.081,211.225,339.676,197.14
610.031,122.532,451.976,133.077
594.955,137.789,435.046,144.427
490.552,140.948,334.806,124.183
596.682,201.645,424.076,206.126
492.584,203.35,324.273,185.694
594.056,138.072,434.149,144.502
627.366,200.838,452.796,211.703
483.361,235.235,308.882,214.943
574.202,126.909,417.637,129.356
554.33,210.992,382.293,206.296
503.949,138.898,348.109,125.197
521.915,217.662,349.828,205.925
522.22,220.063,349.646,208.326
535.712,211.474,364.403,202.841
635.358,206.542,459.253,218.824
579.46,218.093,404.649,218.374
562.714,217.944,388.816,214.755
524.568,210.606,353.867,199.637
578.914,219.897,403.779,219.999
626.391,151.994,461.411,164.83
625.755,193.464,452.679,204.311
584.059,215.384,409.52,216.717
580.828,215.124,406.523,215.797
633.551,159.181,466.64,173.224
545.823,218.635,372.584,211.897
544.202,216.682,371.42,209.665
489.658,124.346,337.188,107.713
615.237,163.148,448.878,173.111
534.933,211.096,363.73,202.31
615.48,127.558,455.978,139.074
609.339,170.494,441.949,178.891
592.487,207.957,418.992,211.337
523.742,226.755,349.787,215.159
488.051,129.244,334.649,112.14
616.82,193.715,444.322,202.693
513.448,130.644,358.801,119.273
546.392,219.68,372.921,213.029
635.355,193.181,461.631,206.032
608.652,136.153,448.075,145.839
604.285,142.049,442.72,150.513
518.489,206.045,348.913,193.903
497.874,198.001,330.337,181.576
616.359,172.646,448.07,182.443
560.6,233.718,383.7,229.563
500.013,131.837,345.584,117.38
604.198,207.168,429.913,212.963
631.606,201.329,456.746,213.069
530.362,125.721,376.206,118.354
611.129,202.861,437.448,210.314
604.797,195.018,432.848,201.433
560.414,231.207,384.018,227.097
544.804,204.76,374.434,198.251
626.394,182.374,455.647,193.891
624.735,162.561,457.818,174.575
627.913,228.251,448.127,238.036
501.344,131.137,347.012,117.0
616.787,146.551,453.705,157.586
510.527,140.105,354.321,127.882
556.516,129.903,400.139,128.262
587.103,198.042,415.655,200.633
503.546,211.268,333.419,195.804
500.538,195.312,333.459,179.525
567.714,217.329,393.683,215.201
586.631,225.525,409.956,227.007
606.698,131.35,447.062,140.779
550.855,207.316,379.706,202.006
536.349,228.39,361.584,219.382
506.029,189.277,340.2,174.868
553.433,224.335,378.724,219.005
614.675,179.829,445.101,188.964
493.289,226.589,320.297,208.576
623.388,219.835,445.561,229.076
614.807,176.341,445.904,185.652
510.86,183.774,345.967,170.55
610.137,154.942,445.729,164.157
592.195,145.194,431.01,150.94
610.844,209.295,435.926,216.42
586.04,178.058,418.789,181.223
615.955,208.874,440.777,217.069
612.269,219.811,435.204,226.787
583.359,176.32,416.606,178.977
506.428,163.28,345.755,149.578
493.363,215.315,322.616,197.562
503.669,120.747,351.506,107.419
611.041,207.43,436.474,214.673
535.153,230.775,359.965,221.449
513.293,163.413,352.361,151.23
596.389,180.042,428.12,185.331
654.907,209.32,476.749,225.456
657.018,208.361,478.874,224.973
654.139,211.523,475.616,227.395
661.849,200.176,484.708,218.142
659.426,137.293,494.842,157.942
738.575,167.906,560.477,203.384
675.284,158.748,505.18,181.663
674.363,161.178,503.871,183.773
676.396,156.856,506.558,180.104
675.225,179.676,501.086,201.479
674.979,177.464,501.289,199.333
676.398,180.735,501.951,202.725
678.846,151.969,509.732,175.991
648.978,201.699,472.769,216.998
732.48,173.68,553.932,207.556
744.18,173.712,564.364,209.961
744.229,161.786,566.682,198.805
681.18,146.594,512.891,171.396
678.504,186.2,502.816,208.333
732.534,161.874,556.237,196.492
746.983,159.984,569.476,197.682
730.064,160.164,554.357,194.38
746.787,175.792,566.287,212.435
730.054,175.643,551.387,208.905
749.658,157.336,572.357,195.752
661.792,215.897,481.764,233.091
727.23,157.731,552.287,191.512
727.174,178.188,548.323,210.709
665.558,170.282,493.855,190.521
726.888,156.849,552.149,190.614
654.382,191.944,479.416,208.782
750.155,156.764,572.908,195.318
749.575,179.0,568.154,215.998
726.72,179.433,547.678,211.786
663.87,233.83,480.02,250.495
641.568,193.023,467.403,207.166
663.437,218.819,482.526,236.158
663.764,221.031,482.398,238.324
664.777,229.898,481.612,246.943
645.666,228.37,464.542,241.719
721.395,151.48,548.256,184.432
720.98,184.255,541.607,215.154
755.756,151.694,578.841,191.727
653.667,136.033,489.809,155.506
654.49,224.086,473.505,239.412
654.525,226.717,473.027,241.921
650.548,162.987,481.557,180.45
654.446,222.452,473.781,237.849
661.765,166.737,491.278,186.405
652.615,184.995,479.191,201.82
645.914,170.526,475.994,186.684
762.116,184.37,578.256,223.53
715.179,149.735,543.012,181.497
714.97,186.824,535.713,216.353
715.399,145.477,544.026,177.537
653.389,182.549,480.54,199.687
756.666,144.459,581.025,185.155
761.734,147.321,584.965,188.871
761.562,189.529,576.784,228.235
231.426,248.877,48.0527,173.258
302.147,248.387,123.077,188.743
225.693,243.553,43.0055,166.472
239.037,309.506,43.5582,237.153
223.704,256.958,38.0594,179.796
239.18,256.938,54.6825,183.295
223.419,309.519,26.7507,233.773
237.25,311.275,41.2711,238.58
237.431,243.359,55.6441,168.973
313.882,332.061,118.081,275.94
221.008,307.343,24.6034,231.009
307.81,254.328,127.767,196.018
296.299,254.368,115.722,193.504
241.724,307.269,46.906,235.443
307.863,242.763,130.206,184.325
241.834,308.285,46.812,236.508
307.763,311.692,115.897,254.064
296.114,311.662,103.696,251.574
296.262,242.799,118.072,181.761
221.194,259.494,34.8238,181.832
241.739,259.321,56.924,186.317
242.795,307.488,48.0078,235.9
219.726,306.656,23.3622,230.022
242.533,260.346,57.5595,187.547
248.047,305.929,53.9533,235.441
220.254,260.505,33.5985,182.658
293.302,310.341,101.014,249.638
214.568,305.888,17.9444,228.102
310.583,310.501,119.09,253.453
231.294,315.726,33.9392,241.859
310.6,256.116,130.309,198.445
293.454,256.229,112.354,194.759
253.768,303.829,60.4998,234.532
266.21,298.388,74.8705,231.671
208.872,303.743,12.2213,224.64
301.706,316.135,108.64,257.288
265.547,294.306,75.0143,227.363
254.335,302.023,61.4804,232.809
290.377,309.478,98.1159,248.141
207.741,302.053,11.3489,222.648
289.361,308.123,97.3266,246.549
290.153,258.8,108.357,196.635
215.36,265.686,27.2292,186.878
247.722,265.689,61.9905,194.186
282.725,306.04,90.7631,243.016
290.213,259.789,108.216,197.653
284.068,318.103,89.6834,255.566
263.871,318.098,68.2919,251.275
230.685,320.593,32.2664,246.725
211.245,272.059,21.4415,192.51
209.176,267.443,20.1694,187.283
251.841,271.727,65.1274,201.284
248.408,318.27,51.7681,248.148
203.201,317.793,3.11041,237.89
287.422,265.754,104.048,203.093
294.404,318.605,100.465,258.256
247.673,319.162,50.7961,248.904
307.36,319.388,113.89,261.769
247.9,320.901,50.6766,250.732
263.656,325.823,66.2419,259.068
374.453,265.049,194.06,221.273
340.389,348.079,142.356,297.501
478.008,283.797,294.039,261.475
391.994,354.521,193.782,314.187
426.419,280.178,243.656,247.323
423.939,297.822,237.615,264.288
461.318,253.89,283.5,228.628
365.455,310.116,175.908,264.515
367.182,242.575,191.442,197.261
365.248,255.869,186.757,210.15
420.807,297.74,234.493,263.566
402.104,317.648,211.644,279.526
363.382,258.653,184.282,212.535
428.76,298.474,242.307,265.918
371.681,248.091,194.69,203.718
362.354,260.09,182.938,213.752
441.56,282.695,258.021,252.894
427.117,269.173,246.572,236.572
402.834,314.723,212.974,276.765
424.11,294.386,238.479,260.919
398.67,354.939,200.615,315.943
425.849,254.096,248.218,221.348
414.159,256.323,236.062,221.073
365.892,328.957,172.297,283.425
425.951,255.807,247.975,223.065
359.025,347.554,161.533,300.686
359.195,265.776,178.544,218.77
364.814,330.999,170.993,285.295
427.844,331.59,234.715,298.515
440.874,281.603,257.558,251.674
355.838,271.665,173.9,223.954
359.344,350.657,161.259,303.868
430.468,282.488,247.019,250.404
406.826,254.987,229.092,218.211
405.138,252.518,227.893,215.396
367.795,333.054,173.41,287.911
401.81,251.675,224.711,213.844
422.488,345.479,226.337,311.173
402.808,253.603,225.326,215.976
354.119,341.133,157.943,293.29
425.653,316.551,235.553,283.187
349.762,342.855,152.907,294.1
388.187,315.895,197.905,274.954
452.797,317.528,262.183,289.53
389.496,316.833,199.044,276.155
428.979,350.367,231.859,317.281
391.926,316.121,201.653,275.94
445.523,323.523,253.765,294.0
393.622,318.496,202.89,278.651
349.608,342.318,153.03,293.565
427.98,337.921,233.575,304.809
452.251,309.069,263.339,281.085
453.134,312.215,263.588,284.363
415.497,273.557,234.05,238.484
463.337,321.788,271.989,295.858
433.198,262.448,253.781,231.148
447.21,275.095,265.388,246.605
383.961,254.112,206.167,212.436
381.147,256.598,202.805,214.312
464.297,318.1,273.677,292.421
413.557,295.675,227.632,260.031
464.073,320.231,273.029,294.472
435.667,325.159,243.615,293.66
453.245,312.71,263.615,284.876
422.209,352.884,224.563,318.457
436.61,313.082,246.987,281.911
351.964,352.445,153.215,304.17
416.357,320.988,225.331,285.718
455.69,311.611,266.464,284.324
381.534,271.751,200.117,229.524
378.086,257.564,199.498,214.618
392.997,343.985,197.086,303.918
384.317,274.232,202.44,232.59
357.073,338.829,161.451,291.575
382.181,355.211,183.661,312.944
390.864,281.633,207.576,241.351
429.146,353.071,231.482,319.99
385.143,252.703,207.652,211.285
450.818,274.707,269.044,246.968
332.695,318.285,140.496,265.936
476.5,240.643,301.083,218.8
420.313,260.855,241.228,226.855
386.545,275.693,204.404,234.519
378.914,270.067,197.796,227.285
455.23,287.793,270.787,260.77
430.659,295.543,244.579,263.361
430.709,285.294,246.694,253.23
340.258,318.428,148.294,267.647
448.533,323.779,256.705,294.849
466.497,318.354,275.798,293.106
471.446,244.953,295.26,221.968
433.132,342.879,237.514,310.682
371.952,347.319,174.757,303.018
585.217,275.92,398.826,275.238
599.341,355.879,396.494,354.773
483.343,253.637,305.191,232.976
592.831,253.986,410.303,255.652
591.188,351.873,389.583,349.434
515.651,252.787,336.812,238.828
601.124,277.961,413.409,280.317
601.234,276.189,413.859,278.638
593.539,319.548,398.133,318.801
612.082,252.695,428.612,258.249
593.589,298.195,402.361,298.289
619.142,299.381,426.104,304.316
492.123,332.245,298.203,311.74
614.215,282.746,424.743,287.449
492.334,267.54,311.306,248.467
510.931,251.922,332.414,237.013
592.975,315.188,398.455,314.504
535.779,247.481,357.261,237.8
606.249,351.555,403.842,351.884
604.157,278.902,416.072,281.811
593.248,317.041,398.349,316.336
594.813,269.142,409.201,270.61
558.49,249.355,378.612,244.251
507.079,252.101,328.643,236.393
593.105,312.124,399.177,311.584
490.531,295.576,303.895,275.527
584.686,355.335,382.753,351.573
593.351,281.005,405.502,281.723
499.22,259.663,319.369,242.132
618.051,280.761,428.715,286.291
607.126,285.437,417.58,288.655
594.961,269.635,409.243,271.113
498.683,258.604,319.057,240.987
524.488,256.752,344.561,244.5
486.0,282.286,302.113,261.602
488.384,270.597,306.838,250.651
527.526,257.888,347.264,246.225
577.713,319.694,383.135,315.947
566.87,315.536,373.649,309.871
525.014,257.25,344.969,245.092
601.097,301.62,408.758,303.019
586.498,288.478,397.574,287.574
630.109,269.265,442.187,277.643
613.103,269.178,426.35,274.239
579.338,253.157,397.651,252.132
557.541,258.68,375.738,253.05
553.112,244.96,374.351,238.903
561.187,313.23,368.687,306.554
566.844,297.511,377.169,292.461
604.919,259.83,420.297,263.623
487.105,284.472,302.758,263.966
567.321,307.793,375.601,302.481
553.074,243.373,374.627,237.359
564.445,256.876,382.798,252.724
587.057,304.889,394.885,303.472
563.339,256.797,381.762,252.425
560.693,311.384,368.579,304.675
510.825,259.789,330.616,244.636
488.647,285.352,304.091,265.14
610.846,320.022,414.315,322.51
630.65,320.943,432.638,327.09
566.382,283.673,379.452,279.009
579.253,350.016,378.644,345.452
612.013,268.755,425.414,273.62
612.047,320.345,415.378,323.045
543.208,257.946,362.318,249.469
630.445,285.724,439.298,293.424
489.057,260.455,309.302,240.814
629.454,320.557,431.599,326.498
631.899,297.02,438.453,304.486
631.584,307.642,436.094,314.566
556.745,287.509,369.515,280.821
614.941,357.955,410.753,359.594
572.059,325.937,376.54,320.895
622.909,344.899,420.755,348.551
570.716,272.38,385.79,268.963
580.646,296.984,390.372,294.628
579.17,257.039,396.73,255.839
579.201,260.233,396.0,258.895
571.831,292.48,382.898,288.576
497.2,325.519,304.288,306.101
575.003,268.843,390.551,266.402
584.787,257.045,402.037,256.969
772.746,297.186,566.23,330.748
724.745,301.506,522.425,326.028
723.798,301.079,521.654,325.453
728.975,272.038,531.985,299.167
722.068,295.66,521.055,320.027
738.736,307.643,533.66,334.302
690.002,302.841,490.813,320.911
660.247,267.8,470.336,282.088
660.182,267.612,470.313,281.897
751.295,315.974,543.584,344.421
762.559,303.692,555.956,334.974
722.849,293.134,522.201,317.789
752.695,319.005,544.256,347.505
716.074,285.037,517.744,308.941
716.923,286.605,518.185,310.569
756.429,348.06,542.055,375.313
771.485,321.001,560.591,352.71
783.83,295.174,576.409,330.878
772.052,320.336,561.221,352.191
738.524,245.175,545.677,275.783
751.001,292.613,547.773,322.524
717.512,350.447,506.643,370.751
727.577,352.784,515.282,374.711
645.539,275.907,455.202,286.964
656.076,290.275,462.144,302.647
765.437,320.031,555.407,350.733
654.373,252.683,467.857,266.58
674.995,309.645,475.787,324.571
668.222,324.267,466.747,337.186
674.511,253.917,486.102,271.679
742.265,256.7,546.676,287.262
675.256,256.144,486.353,273.933
673.405,252.948,485.277,270.546
646.815,352.185,441.585,359.832
746.224,304.731,540.991,332.947
718.747,272.6,522.674,297.773
751.946,325.106,542.425,353.075
763.418,320.13,553.594,350.466
676.817,257.759,487.469,275.765
719.924,313.889,515.826,336.809
744.898,256.824,549.024,287.88
764.651,335.012,551.861,364.568
720.729,320.169,515.35,342.858
729.288,287.479,528.974,313.649
713.199,324.987,507.622,346.032
679.488,263.013,488.896,281.256
711.982,326.665,506.199,347.392
714.777,324.983,509.051,346.312
728.11,260.88,533.342,288.53
734.495,286.034,533.896,313.251
672.932,357.787,464.475,369.789
656.374,280.743,464.265,293.643
727.566,287.822,527.375,313.654
723.645,259.226,529.646,286.129
726.546,260.466,532.016,287.845
779.117,342.974,563.068,374.483
681.451,269.005,489.533,287.304
779.65,339.086,564.277,370.958
659.772,299.187,463.824,311.813
722.367,258.206,528.691,284.928
723.088,253.187,530.301,280.349
660.362,344.074,455.681,354.558
659.608,299.119,463.686,311.717
656.741,275.313,465.655,288.552
655.367,276.639,464.132,289.549
705.588,310.915,503.429,331.398
755.108,338.456,542.705,366.11
744.569,280.064,544.064,309.525
660.988,327.194,459.525,338.64
776.951,305.212,568.429,338.979
730.666,345.378,519.481,368.301
651.703,277.794,460.529,289.945
731.055,345.401,519.826,368.391
741.487,284.13,540.525,312.76
745.888,276.238,545.984,306.192
707.046,317.872,503.415,338.219
671.502,332.352,467.982,345.405
668.933,343.924,463.386,355.914
723.208,289.147,523.252,314.102
742.406,346.447,529.605,371.316
661.269,285.253,467.899,298.861
715.983,261.759,522.26,287.054
673.753,334.121,469.923,347.535
771.387,350.967,554.699,380.59
743.969,351.033,530.348,375.927
769.682,348.625,553.63,378.113
736.085,267.857,539.142,296.576
653.873,298.478,458.524,310.03
744.854,319.948,537.07,346.985
672.517,351.877,465.236,364.114
647.708,268.831,458.579,280.646
782.175,312.068,571.747,346.292
743.363,344.917,530.971,370.095
756.093,285.258,553.711,316.584
645.114,245.051,460.796,257.496
725.808,246.632,534.001,274.713
732.508,330.499,523.765,354.623
646.101,297.895,451.456,308.01
660.736,317.818,461.107,329.689
756.646,289.624,553.373,320.764
778.587,357.548,559.835,387.954
656.501,306.573,459.38,318.218
743.547,330.481,533.674,356.568
645.443,295.28,451.354,305.395
781.318,330.586,567.263,363.32
652.794,318.396,453.668,328.77
657.579,321.348,457.513,332.46
661.125,248.803,474.819,264.216
779.44,312.408,569.265,346.121
647.115,345.252,443.208,353.286
660.457,309.315,462.495,321.561
679.141,334.768,474.737,349.122
664.366,255.648,476.255,271.303
315.195,464.607,92.0645,410.137
313.456,403.469,102.914,348.036
314.912,453.978,93.9549,399.344
316.083,431.028,99.9037,376.37
307.131,470.567,82.2799,414.685
307.664,447.359,87.6224,391.296
312.763,409.961,100.796,354.454
305.994,447.009,85.9391,390.632
342.273,420.204,129.536,370.405
398.868,388.809,193.952,349.688
353.022,419.09,140.883,371.303
415.153,375.03,212.994,339.055
343.254,373.175,139.983,323.268
324.399,421.981,110.455,368.802
380.595,384.626,176.063,342.002
371.48,396.642,164.228,352.255
365.493,420.386,153.335,374.906
322.116,438.243,104.73,384.783
348.985,419.735,136.524,371.183
386.628,366.752,185.844,325.331
339.312,427.273,124.889,376.934
385.438,367.015,184.58,325.361
380.721,384.792,176.158,342.192
424.332,408.227,215.736,373.732
361.676,464.279,140.454,418.171
391.6,393.547,185.463,352.998
386.78,385.832,182.124,344.39
327.259,463.019,105.013,410.72
384.85,385.605,180.204,343.794
340.372,376.91,136.236,326.459
424.119,411.342,214.893,376.778
390.777,394.124,184.509,353.417
361.87,429.417,147.767,383.279
359.071,366.148,157.793,319.337
361.47,461.461,140.817,415.311
360.235,405.205,151.153,358.738
361.93,378.353,158.178,332.115
360.889,383.754,156.006,337.325
343.454,462.919,121.888,413.542
433.43,399.112,226.487,366.349
362.246,389.114,156.307,342.957
361.618,385.253,156.45,338.968
402.996,395.479,196.567,357.059
365.88,436.355,150.477,390.965
359.331,405.174,150.229,358.535
403.842,386.681,199.422,348.515
365.914,366.78,164.709,321.318
348.887,427.069,134.851,378.515
393.181,379.172,189.986,338.977
341.179,364.834,139.544,314.471
415.565,389.262,210.533,353.254
398.797,365.565,198.59,326.543
365.224,409.308,155.446,363.79
397.163,374.008,195.197,334.625
417.557,390.189,212.353,354.549
417.249,393.398,211.394,357.673
342.515,384.806,136.837,334.818
357.519,379.076,153.495,331.982
359.929,407.696,150.33,361.176
369.195,471.823,146.569,427.041
330.864,461.351,109.115,409.691
326.859,430.536,111.264,377.893
340.194,385.95,134.2,335.517
334.346,381.666,129.013,330.065
370.27,408.415,160.59,363.802
348.842,470.311,125.873,421.915
353.811,432.108,138.909,384.487
393.365,431.656,179.674,391.324
362.513,367.061,161.08,320.916
348.953,437.145,132.858,388.646
322.341,470.081,98.335,416.938
390.622,428.423,177.538,387.602
451.277,429.38,238.446,399.529
596.914,407.824,384.043,404.219
599.447,373.957,393.059,372.147
596.81,447.346,376.212,442.157
622.855,374.582,414.923,376.919
599.208,392.848,389.139,390.239
492.099,405.668,283.546,383.579
624.513,374.577,416.474,377.209
605.757,387.628,396.333,386.385
577.509,389.407,369.255,383.092
593.022,365.706,388.608,363.065
598.663,386.25,389.915,383.809
591.133,398.649,380.204,394.36
592.989,379.999,385.778,376.796
574.981,381.542,368.395,375.059
574.423,372.162,369.706,365.914
513.226,422.231,300.904,403.523
499.808,437.747,284.497,416.269
497.654,399.886,289.925,378.884
631.929,395.43,419.343,398.427
515.428,423.038,302.888,404.697
614.103,393.993,402.937,393.949
589.668,397.168,379.273,392.713
602.622,402.619,390.233,400.17
502.734,419.111,291.285,398.623
603.43,439.951,383.699,436.122
602.088,441.786,382.073,437.657
505.438,423.753,293.004,403.634
610.903,420.196,394.817,418.492
579.263,366.777,375.364,361.602
616.575,394.058,405.244,394.443
609.612,384.573,400.556,384.137
610.002,384.168,401.002,383.818
497.659,448.17,280.317,426.082
574.519,360.865,372.017,355.039
579.687,399.073,369.213,392.746
589.655,416.128,375.547,410.943
633.775,360.548,427.846,365.463
586.309,418.512,371.906,412.659
634.858,373.972,426.245,378.464
585.152,419.542,370.606,413.45
507.93,410.993,297.973,391.624
758.729,439.765,526.376,461.285
714.387,426.815,489.174,442.057
713.524,425.436,488.655,440.619
725.543,417.422,501.056,435.052
758.657,391.803,535.719,416.546
755.49,392.832,532.694,416.98
760.653,475.05,521.385,494.525
693.898,416.416,472.51,428.877
720.316,442.052,491.609,457.342
693.737,416.019,472.439,428.476
720.001,443.679,491.012,458.821
673.129,395.751,457.326,405.801
681.254,435.494,457.227,444.818
748.829,426.009,520.366,446.892
697.516,391.446,480.615,405.916
721.86,395.433,501.958,413.788
689.568,437.38,464.49,447.961
659.525,410.646,442.025,417.645
680.267,436.524,456.145,445.636
748.809,426.357,520.286,447.215
659.852,450.731,434.57,455.774
761.99,425.702,532.247,448.737
761.8,426.901,531.849,449.825
721.422,378.345,504.834,397.656
689.84,439.407,464.349,449.921
733.696,410.215,509.6,429.592
713.843,412.53,491.419,428.527
656.068,366.908,447.296,375.487
761.781,396.916,537.419,421.815
713.536,412.821,491.085,428.749
749.105,470.354,512.205,488.419
712.661,410.148,490.803,426.089
716.254,417.397,492.674,433.504
745.593,419.038,518.834,439.853
776.756,434.958,543.504,459.695
724.816,472.249,489.906,486.425
714.69,387.227,497.039,404.861
774.283,418.004,544.662,443.543
764.446,431.679,533.303,454.707
775.723,411.635,547.151,437.846
703.592,416.75,481.266,430.797
714.552,387.082,496.942,404.701
726.721,470.246,492.015,484.84
667.793,440.166,443.738,446.998
754.089,416.383,526.754,438.713
704.264,417.054,481.82,431.195
704.248,406.182,483.7,420.905
660.037,375.55,449.29,384.396
683.293,399.906,465.923,411.48
725.172,434.023,497.544,450.581
712.914,393.211,494.281,410.191
689.433,445.667,462.771,455.77
774.127,470.882,534.349,492.732
694.99,468.657,463.435,478.371
768.544,449.067,533.515,471.542
765.177,443.873,531.635,466.197
769.295,476.866,518.894,495.509
732.635,458.49,499.567,474.726
772.8,375.298,551.335,403.499
784.595,423.403,552.651,450.196
655.066,394.721,440.983,401.75
772.98,428.887,541.298,453.441
676.689,395.083,460.728,405.777
675.963,422.433,454.907,431.584
713.142,401.822,492.62,418.288
661.244,362.142,452.999,371.875
772.581,439.617,538.906,463.372
666.38,403.749,449.473,412.216
667.15,401.605,450.597,410.313
774.685,456.5,537.575,479.426
667.303,402.051,450.652,410.762
664.821,399.968,448.766,408.362
657.526,393.058,443.581,400.594
671.2,420.794,450.839,429.237
646.816,373.671,437.419,380.288
696.334,444.48,469.314,455.765
711.131,453.05,481.161,466.218
734.481,378.53,516.361,400.012
748.921,451.612,515.612,470.862
786.534,403.906,557.984,432.372
694.46,382.29,479.588,396.751
713.248,401.521,492.774,418.023
760.814,411.39,533.919,435.188
701.378,431.598,476.396,444.432
732.244,398.941,510.658,418.821
726.474,402.878,504.487,421.509
652.94,417.988,434.506,423.511
738.042,405.312,514.45,425.714
714.482,382.921,497.676,400.774
730.885,424.992,504.434,443.031
682.29,395.677,465.753,407.295
732.074,427.615,505.005,445.685
727.606,378.656,510.359,399.004
656.421,381.865,444.726,389.765
779.949,374.13,557.897,403.615
650.544,420.075,431.88,425.093
725.888,386.029,507.398,405.634
660.174,438.122,437.308,443.851
766.656,470.158,527.823,490.912
730.622,445.783,500.221,462.496
679.649,402.11,461.998,412.915
759.21,372.524,539.881,398.638
759.375,367.335,541.015,393.821
731.677,370.816,515.528,392.343
304.8,485.003,76.8506,428.879
313.496,490.843,76.3731,434.598
361.515,483.197,136.557,437.123
368.098,488.084,133.837,441.414
423.399,483.687,199.573,448.315
443.564,484.308,219.709,452.363
381.412,481.746,157.301,439.144
332.867,488.762,97.3258,435.964
355.273,488.789,120.322,439.86
428.969,488.786,195.857,452.605
428.154,490.706,194.074,454.248
502.762,489.227,277.365,467.101
484.06,492.026,258.414,466.744
500.821,501.882,256.791,475.819
487.777,492.217,262.042,467.547
493.316,497.428,258.148,471.851
499.081,503.913,254.341,477.45
720.405,523.199,468.265,532.002
730.868,492.263,491.581,506.147
713.186,526.755,460.53,534.183
709.586,522.466,458.584,529.719
709.635,527.81,456.938,534.621
676.781,505.648,433.171,509.202
738.658,537.263,474.719,546.339
735.022,528.756,474.187,538.071
714.49,551.939,453.723,557.416
774.712,565.477,499.827,577.384
772.203,578.276,493.183,588.554
754.521,546.198,486.281,556.757
713.597,567.861,447.843,571.855
668.076,482.666,435.786,487.354
714.633,535.951,458.934,542.81
724.852,528.461,466.752,536.663
752.733,520.989,490.974,533.251
723.801,539.623,462.188,546.691
711.468,536.215,455.947,542.587
756.051,520.91,493.794,533.625
723.706,538.784,462.415,545.92
732.232,559.31,463.507,565.845
748.016,515.34,488.869,527.495
734.151,559.289,465.203,566.086
731.792,560.891,462.762,567.257
747.634,549.103,479.575,558.505
721.833,567.99,452.291,572.508
720.736,557.083,454.207,562.275
720.857,559.908,453.465,564.882
690.221,481.145,456.513,489.386
707.313,560.535,444.394,564.253
713.076,554.769,451.525,559.801
686.932,506.19,448.844,512.584
707.658,558.049,445.503,562.025
710.358,560.16,447.314,564.345
706.617,555.459,445.369,559.503
709.777,555.776,448.174,560.248
719.108,548.831,458.943,555.24
722.58,553.475,456.906,559.215
739.346,541.49,474.306,550.351
706.918,547.698,448.115,552.437
701.857,540.123,445.868,544.755
690.149,521.059,441.145,525.518
705.603,550.814,445.914,555.101
690.887,542.074,433.948,544.692
691.702,517.597,443.68,522.571
724.994,569.473,454.785,574.324
704.784,543.679,447.431,548.443
753.481,496.667,499.2,511.232
773.586,510.204,511.839,526.273
726.258,517.744,471.422,527.084
720.88,515.587,471.075,525.108
709.447,533.889,454.831,540.16
690.383,514.17,443.557,519.224
693.71,519.858,444.812,524.95
739.722,581.871,465.487,587.931
696.862,530.683,444.273,535.359
715.945,573.82,445.752,577.154
727.28,531.881,467.263,540.016
706.023,578.67,434.65,580.109
700.392,567.448,433.697,569.163
690.192,501.578,452.726,508.722
765.73,530.708,499.519,543.95
771.582,511.477,509.773,527.158
750.002,526.966,486.824,538.326
