256.897,54.1161,9.16727,33.8652
273.83,54.1981,28.0695,33.0122
273.477,52.7298,27.5007,31.4672
273.622,55.3191,27.9728,34.218
269.914,30.0728,20.7965,7.47818
261.433,61.9981,15.1937,42.0285
264.257,45.4329,16.3777,24.1878
285.548,46.7619,40.0731,24.4432
257.909,76.8312,13.0496,58.0644
250.577,85.7306,5.92435,68.0141
264.426,45.5751,16.5836,24.3306
272.404,110.334,33.2324,92.7761
285.398,113.381,47.9682,95.1257
254.143,67.0965,7.65756,47.8959
283.465,45.4616,37.5238,23.1584
298.63,51.1439,55.1728,28.4124
297.418,50.0153,53.648,27.2728
255.6,112.78,14.7735,96.5086
254.223,37.9054,3.98492,16.6309
266.135,91.7029,24.0153,73.3949
265.229,93.3684,23.2072,75.2244
257.553,89.0144,14.1247,71.0772
248.589,106.055,6.19525,89.831
287.948,35.0527,41.4302,11.8759
264.646,109.774,24.5612,92.7068
312.284,101.247,75.9619,80.534
261.739,28.1157,11.426,5.79474
289.768,31.9644,43.076,8.49792
265.172,97.7682,23.6727,79.9073
264.894,97.709,23.3563,79.8625
292.289,41.9875,46.8516,18.9954
297.014,103.814,59.6157,84.2417
279.694,37.588,32.3787,14.9687
297.288,103.933,59.9305,84.3494
295.383,57.5592,52.2889,35.3836
280.07,105.576,40.9148,87.1881
296.498,39.0498,51.1477,15.6563
278.878,44.8629,32.3988,22.7703
284.046,58.7657,39.9489,37.3029
282.654,61.1567,38.6931,39.9226
301.313,107.891,64.568,88.2288
250.951,97.221,7.52036,80.2215
311.734,109.513,76.1519,89.2478
298.405,37.8259,53.1286,14.2622
272.293,39.937,24.4305,17.8582
254.787,101.416,12.318,84.4411
278.915,76.139,36.3402,56.0607
302.834,60.1367,60.8573,37.7085
426.689,83.3316,196.032,54.873
343.281,71.4602,106.154,47.3381
410.143,79.2797,178.264,51.6439
334.754,76.9302,97.6294,53.5849
447.58,81.479,217.58,51.771
365.643,71.2746,130.189,45.8685
397.559,86.6672,165.833,60.0291
365.609,71.6552,130.196,46.2679
362.859,67.7203,126.804,42.3121
387.459,44.6412,150.394,16.8989
387.444,43.3995,150.239,15.6055
347.064,60.5354,109.02,35.6691
385.229,46.9512,148.283,19.4208
375.12,88.1078,142.208,62.866
348.56,61.0565,110.714,36.1364
418.91,75.3455,187.045,47.0795
337.061,88.9154,101.444,66.0171
336.805,89.0038,101.177,66.1255
373.09,101.631,141.571,77.0637
375.564,52.0946,138.569,25.2897
401.797,99.9019,171.769,73.477
368.213,112.334,137.582,88.5109
397.191,54.2734,161.788,26.42
379.784,67.7861,144.926,41.4388
460.896,83.3025,231.435,52.8674
367.378,82.249,133.288,57.2226
342.415,60.6375,104.038,36.0364
367.593,87.422,134.104,62.6045
365.893,82.3733,131.715,57.44
394.705,104.569,164.812,78.7508
408.598,94.2169,178.291,67.1817
448.677,66.1077,216.967,35.9055
401.819,71.8498,168.702,44.4249
443.381,92.8065,214.458,63.6464
379.482,67.2355,144.52,40.8787
444.447,90.8721,215.353,61.5973
371.001,46.8603,133.103,20.0595
400.548,85.4118,168.846,58.5514
464.679,86.7636,235.781,56.2048
456.398,74.7897,225.743,44.376
376.767,76.7828,142.685,50.9759
400.331,72.3074,167.204,44.9862
403.617,86.0742,172.153,59.0563
456.44,74.0479,225.707,43.6129
435.399,78.2148,204.518,49.0978
415.191,87.8252,184.503,60.1829
384.15,116.391,154.972,91.6798
387.775,70.8371,153.715,44.16
457.623,109.928,230.869,80.3
338.857,85.2735,102.965,62.088
431.998,101.038,203.495,72.7864
406.354,104.0,177.015,77.4301
393.776,66.391,159.384,39.1758
410.788,49.9567,175.652,21.2302
408.098,50.3865,172.868,21.8148
376.145,117.859,146.646,93.7311
459.42,93.2,230.925,63.0784
430.8,113.568,203.613,85.7411
383.281,111.241,153.475,86.3959
469.456,45.8337,236.257,14.0208
420.249,100.065,191.14,72.5068
420.191,116.85,192.918,89.7999
357.551,54.8211,119.445,29.0771
421.983,50.4847,187.463,21.2012
407.975,110.939,179.483,84.494
410.227,107.322,181.447,80.6171
335.661,107.371,102.057,85.4507
416.875,59.658,183.119,30.9608
410.969,49.1352,175.752,20.3691
409.806,108.219,181.104,81.5695
411.808,101.949,182.512,74.9718
473.116,63.792,241.933,32.2276
403.434,59.5451,168.969,31.5627
326.881,108.025,92.6286,86.7099
353.728,63.6797,116.347,38.5661
424.214,95.8844,194.823,67.9565
398.049,78.4784,165.439,51.5102
437.701,54.9467,204.362,24.9973
388.006,93.4045,156.486,67.5914
422.136,67.4802,189.349,38.7433
416.497,48.294,181.469,19.2142
465.32,102.44,237.978,72.1722
443.891,50.9508,210.362,20.5604
327.732,105.283,93.2338,83.7771
409.609,110.986,181.202,84.438
437.844,108.723,210.443,80.3247
465.072,104.629,237.957,74.4233
455.666,87.2546,226.328,57.1966
387.381,92.4614,155.718,66.6505
385.942,82.8319,153.115,56.7348
357.228,105.555,125.074,82.1602
422.909,53.5951,188.775,24.3706
366.743,55.9926,129.438,29.81
420.757,98.3142,191.479,70.6709
335.709,104.588,101.788,82.5319
406.775,42.2017,170.565,13.3867
422.258,106.401,193.932,78.9098
472.386,97.4856,244.693,66.6874
453.53,106.156,226.157,76.683
401.118,62.1629,166.673,34.3831
359.824,106.639,127.977,83.1238
420.866,35.3729,184.629,5.61057
441.574,35.9851,206.327,5.24576
469.467,116.866,243.766,86.6361
453.835,103.178,226.152,73.6157
427.729,38.9061,192.206,8.93478
379.06,28.0593,139.583,0.00473022
410.941,114.933,183.033,88.4243
334.749,99.6196,100.178,77.3861
432.19,37.9805,196.766,7.76007
328.215,60.3779,88.6175,36.549
388.172,89.1103,156.181,63.1237
445.136,72.7822,213.88,42.9396
431.055,39.8849,195.789,9.78397
456.657,36.3919,222.103,4.95532
420.238,101.491,191.285,73.9772
418.079,115.349,190.548,88.3913
382.555,58.9825,146.648,32.0796
371.26,35.9507,132.142,8.63632
474.814,71.8715,244.534,40.399
373.977,38.0827,135.289,10.7315
320.953,63.4436,81.0696,40.1855
477.129,103.08,250.138,72.1072
354.731,47.0042,115.518,21.0325
384.762,32.1831,146.125,4.03876
400.973,38.0524,163.978,9.3627
374.798,35.1847,135.838,7.66068
539.373,37.035,306.321,1.71216
511.729,52.9414,280.044,19.1627
511.373,53.1807,279.709,19.4238
506.688,95.3372,279.488,62.4935
531.807,57.1301,300.809,22.4193
533.527,58.6146,302.686,23.8344
522.188,109.427,296.554,75.8247
537.732,62.2343,307.267,27.2795
524.362,47.5549,292.12,13.0522
524.625,47.5609,292.385,13.0456
497.019,74.3595,267.383,41.715
511.492,41.1102,278.687,7.16104
522.226,118.463,297.524,84.9433
493.923,72.6169,264.054,40.1097
495.896,71.2933,265.92,38.6551
500.033,70.3213,270.018,37.443
501.014,60.0136,269.932,26.9017
501.176,62.4937,270.356,29.4177
507.59,81.1104,278.798,47.9925
502.485,64.3529,271.879,31.2409
507.266,80.9007,278.449,47.7977
594.989,69.2449,364.593,31.3751
521.629,59.8678,290.645,25.6764
584.074,67.099,353.684,29.791
597.171,70.9166,366.891,32.9317
509.691,84.1108,281.128,50.9035
602.052,51.0716,369.692,12.8676
587.408,48.0599,355.057,10.5547
611.688,53.0522,379.276,14.3808
606.63,52.0272,374.251,13.6018
582.581,47.0671,350.214,9.7894
616.287,54.016,383.839,15.1195
592.369,49.0714,360.024,11.331
577.681,46.0646,345.288,9.01624
553.463,41.0804,320.798,5.1427
597.268,50.0798,364.92,12.1056
631.335,57.0806,398.701,17.4384
484.931,51.6666,252.739,19.2188
563.218,43.0826,330.691,6.70209
558.466,42.1013,325.876,5.93729
573.054,45.0991,340.626,8.26587
621.348,55.0378,388.846,15.892
626.309,56.0536,393.747,16.662
599.079,73.2519,368.985,35.1634
568.021,44.069,335.548,7.4682
600.204,73.5415,370.111,35.3935
574.484,72.2481,344.766,35.4489
603.199,78.2152,373.493,39.8963
592.489,61.135,361.341,23.3959
500.622,45.2711,267.986,11.9046
500.518,103.232,274.073,70.8668
502.676,102.219,276.151,69.7097
512.248,104.862,285.865,71.78
498.295,104.129,271.916,71.9111
573.048,68.6514,342.989,31.9166
567.513,74.8723,338.153,38.4503
607.05,83.2239,377.734,44.6794
616.707,64.3819,385.263,25.4201
620.527,65.1731,389.042,26.0151
499.249,67.6826,268.945,34.8001
784.268,109.373,546.72,60.5866
651.715,82.2745,420.708,41.3507
667.445,85.3035,435.989,43.5022
670.189,87.443,438.798,45.4608
649.236,83.6417,418.468,42.8323
728.798,96.6244,494.652,51.2887
673.385,91.9643,442.257,49.7332
717.872,94.633,484.31,49.9398
730.958,98.4009,496.817,52.8983
726.747,88.5289,492.005,43.5242
663.296,75.6126,431.12,34.1746
733.046,100.722,498.964,55.0393
733.952,100.9,499.82,55.1625
645.65,60.0321,412.76,19.6675
655.461,62.0429,422.349,21.176
669.949,65.0347,436.443,23.4149
699.595,71.0918,465.026,27.893
665.412,64.0857,432.037,22.7032
650.436,61.0198,417.443,20.4108
660.998,63.1516,427.742,21.9989
694.776,70.1004,460.402,27.1621
689.58,69.0493,455.407,26.3899
712.679,96.5649,479.645,52.1034
718.438,75.005,483.026,30.7742
703.934,72.0096,469.184,28.5747
714.076,74.0845,478.87,30.0949
723.616,76.0496,487.947,31.5322
757.388,82.9873,519.808,36.5596
776.398,86.9345,537.562,39.4011
772.325,86.059,533.767,38.7653
684.521,68.0182,450.535,25.6288
709.044,73.0544,474.069,29.3409
752.544,82.0047,515.265,35.8547
674.867,66.0449,441.208,24.1667
762.416,84.0211,524.516,37.3033
748.018,81.0715,511.011,35.1801
728.837,77.0955,492.897,32.2879
767.889,85.1126,529.627,38.0785
680.076,67.0903,446.243,24.9373
733.503,78.0674,497.317,32.9981
781.359,87.9437,542.172,40.1191
708.568,99.7311,476.098,55.416
738.007,79.0061,501.575,33.6829
742.962,80.0323,506.25,34.4285
674.394,76.2271,441.724,34.2091
701.241,94.9966,468.799,51.1933
669.577,75.2676,437.061,33.5121
645.782,68.3733,413.691,27.9173
300.409,202.932,74.84,188.169
308.062,186.094,81.2077,169.903
305.223,234.324,83.7271,220.534
302.974,168.812,73.7649,152.221
247.524,220.817,18.7194,211.676
284.304,228.764,60.2761,216.655
258.05,238.194,32.5261,229.017
302.092,181.114,74.1591,165.181
271.202,175.282,39.5967,161.567
243.859,217.958,14.2964,208.991
308.615,216.724,85.3658,201.866
256.938,159.245,21.933,145.757
284.78,225.269,60.3865,212.949
246.025,156.989,9.4975,144.219
298.92,185.248,71.1506,169.771
299.694,185.075,71.9749,169.526
235.688,221.181,5.57034,213.152
287.059,216.742,61.8792,203.806
237.304,217.748,6.96008,209.369
247.374,235.664,20.4819,227.377
246.504,172.556,11.7677,160.686
265.858,164.73,32.2442,150.829
266.271,164.251,32.6444,150.29
300.158,221.68,76.7526,207.798
309.549,191.196,83.4167,175.117
242.698,192.452,9.92389,182.098
293.68,142.028,60.3322,124.759
293.745,170.218,63.7186,154.413
310.599,132.286,77.8138,113.304
289.715,159.809,58.0772,143.782
300.204,223.513,77.0162,209.709
244.59,146.624,6.54507,133.303
293.488,168.717,63.2609,152.856
250.747,163.161,15.2653,150.367
278.639,159.17,45.8211,143.968
236.852,176.042,1.54605,165.196
238.862,173.879,3.53387,162.733
250.873,148.446,13.7842,134.76
253.325,231.123,26.2962,222.0
270.176,229.817,45.0023,219.079
253.84,149.27,17.1914,135.408
252.296,154.302,16.0774,140.866
282.735,154.74,49.8077,138.979
251.052,186.755,18.5473,175.352
288.295,157.327,56.226,141.278
252.146,182.917,19.3029,171.198
282.388,168.354,50.921,153.341
243.016,152.347,5.47794,139.509
252.301,200.218,21.5545,189.485
252.675,180.153,19.559,168.228
295.044,226.22,71.7117,213.007
240.114,226.219,11.0186,218.06
292.115,180.781,63.3019,165.656
307.697,175.033,79.3948,158.337
301.701,215.949,77.7639,201.67
275.737,181.613,45.4126,167.878
252.969,184.351,20.3908,172.647
298.959,215.057,74.675,200.981
278.018,184.187,48.2298,170.4
279.607,186.744,50.2806,172.959
279.372,168.552,47.6248,153.79
310.043,168.314,81.4057,151.141
311.682,202.388,87.0305,186.632
307.767,134.925,74.9373,116.266
248.367,195.969,16.6677,185.333
269.016,203.829,40.6394,191.85
446.975,215.597,231.371,188.786
436.833,129.696,211.668,101.902
339.28,196.957,116.195,178.641
346.101,199.635,123.807,180.85
434.796,143.649,211.046,116.335
335.715,123.41,104.024,102.246
347.811,125.74,117.293,103.848
323.893,185.384,98.2657,167.86
459.127,219.33,244.214,191.553
417.721,129.124,191.684,102.594
447.87,146.103,224.791,117.926
348.904,208.125,127.767,189.414
389.683,214.886,171.713,192.9
427.603,127.271,201.78,100.026
382.48,206.991,163.35,185.404
452.5,131.683,227.928,102.867
461.179,134.289,237.128,104.944
471.823,135.723,248.179,105.688
461.972,164.135,241.103,135.281
364.314,203.263,143.719,183.087
354.927,199.701,133.331,180.19
453.839,212.204,237.943,184.757
357.384,237.932,140.165,219.483
372.424,209.698,152.944,189.033
418.293,126.217,191.963,99.5651
408.233,123.58,181.147,97.5198
372.908,211.757,153.686,191.115
455.843,212.855,240.115,185.258
453.039,204.151,236.143,176.633
363.742,203.757,143.167,183.646
473.244,217.143,258.365,188.159
441.949,209.668,225.446,183.163
404.225,218.206,187.306,195.06
467.852,207.1,251.594,178.418
419.298,211.671,202.374,187.108
417.947,213.457,201.166,189.046
455.371,138.979,231.573,110.11
348.828,193.592,126.129,174.365
350.925,211.274,130.281,192.502
350.562,214.927,130.307,196.316
349.334,194.394,126.761,175.155
448.555,173.257,228.307,145.565
405.174,214.614,187.993,191.311
364.632,209.137,144.625,189.118
357.806,208.702,137.322,189.251
436.74,209.865,220.226,183.81
405.356,213.048,188.011,189.691
464.542,140.959,241.196,111.501
357.23,202.197,136.067,182.58
461.518,199.159,244.361,170.891
429.765,212.297,213.058,186.842
348.148,226.254,129.013,208.251
442.985,194.534,224.857,167.671
428.843,123.638,202.674,96.2129
345.653,221.4,125.799,203.448
467.818,216.699,252.799,188.162
444.697,138.758,220.552,110.616
460.835,205.618,244.277,177.487
444.918,164.141,223.583,136.54
348.927,218.297,128.943,199.947
448.57,171.117,228.093,143.383
363.68,225.359,145.436,205.945
378.224,203.082,158.426,181.735
333.375,195.901,109.823,178.048
363.955,225.193,145.709,205.75
443.544,202.417,226.206,175.642
359.865,231.295,142.054,212.41
474.837,174.669,255.339,145.023
332.005,201.889,109.035,184.392
360.094,219.937,141.02,200.664
464.308,205.408,247.857,176.999
448.144,182.244,228.847,154.751
330.034,181.752,104.365,163.56
362.685,230.697,144.979,211.54
414.031,232.82,199.204,209.159
346.457,225.89,127.167,208.026
458.697,166.303,237.979,137.727
346.099,227.929,127.015,210.168
431.711,201.132,213.863,175.296
454.005,156.516,232.273,128.122
458.191,179.537,238.87,151.226
376.912,218.598,158.679,197.818
350.653,132.81,121.173,111.026
442.833,150.298,219.871,122.544
419.001,178.762,198.484,153.466
445.449,140.716,221.539,112.566
380.883,229.325,164.058,208.504
458.974,176.273,239.325,147.848
374.978,198.927,154.532,177.721
453.432,224.034,238.89,196.803
353.695,223.614,134.628,205.027
456.207,231.067,242.476,203.691
426.067,138.398,201.206,111.529
381.84,217.366,163.738,196.123
353.121,134.917,124.057,113.048
465.621,172.306,245.704,143.317
379.503,227.996,162.457,207.26
340.349,223.099,120.319,205.679
458.707,152.911,236.716,124.112
446.259,193.66,228.132,166.521
471.816,197.149,254.805,168.052
415.997,223.857,200.272,199.836
467.359,182.254,248.688,153.303
361.754,219.395,142.722,199.959
422.012,137.538,196.891,110.926
468.339,178.324,249.272,149.241
460.668,153.016,238.738,124.08
456.756,227.794,242.69,200.329
430.251,187.922,210.925,161.929
340.296,224.619,120.435,207.259
446.096,187.662,227.322,160.427
463.678,143.551,240.587,114.2
469.251,174.13,249.758,144.917
427.594,186.653,208.264,160.87
424.367,186.567,204.908,161.036
355.095,137.443,126.458,115.539
517.982,127.352,294.183,94.1827
519.091,129.365,295.504,96.142
631.708,217.869,414.592,176.081
505.831,184.152,287.852,152.29
503.129,199.783,286.755,168.232
507.335,182.349,289.177,150.361
622.079,224.219,405.985,183.074
623.527,222.836,407.24,181.601
624.99,208.562,407.266,167.468
508.556,181.541,290.32,149.456
561.645,203.724,345.312,167.588
626.054,210.621,408.485,169.408
504.326,202.134,288.201,170.503
504.553,202.938,288.512,171.293
619.766,225.726,403.912,184.739
577.591,131.916,353.79,94.9357
580.755,138.456,357.542,101.251
512.674,177.9,294.076,145.484
623.478,206.128,405.581,165.192
569.885,136.464,346.678,99.9705
618.822,226.982,403.127,186.049
565.804,210.702,350.091,174.198
554.954,208.879,339.247,173.242
622.428,205.693,404.532,164.844
583.017,140.075,359.917,102.716
557.224,196.607,340.25,160.845
517.711,173.078,298.627,140.262
518.672,171.8,299.457,138.907
568.453,198.397,351.461,161.765
567.939,212.724,352.385,176.036
637.726,142.412,413.098,101.484
569.528,197.123,352.387,160.417
555.245,194.265,338.065,158.663
564.167,138.897,341.293,102.774
585.573,143.547,362.76,106.004
495.53,189.509,277.812,158.448
570.947,216.038,355.66,179.085
552.348,191.254,334.905,155.881
589.206,148.271,366.774,110.46
533.911,121.885,309.565,87.6575
573.707,220.671,358.818,183.458
593.751,152.316,371.602,114.174
549.208,186.486,331.324,151.36
595.101,155.101,373.191,116.846
536.216,130.952,312.791,96.6308
539.813,131.112,316.389,96.5589
489.594,155.799,268.512,124.855
633.796,168.89,411.882,127.817
524.053,203.885,308.124,170.698
495.856,182.281,277.388,151.132
538.41,133.189,315.204,98.7366
589.495,158.078,368.026,120.184
631.918,179.877,411.141,138.757
540.901,134.152,317.781,99.5416
521.539,192.811,304.481,159.793
497.268,177.625,278.328,146.327
638.369,134.749,412.977,93.8911
498.148,173.517,278.788,142.116
779.343,173.357,547.916,122.272
771.103,177.88,540.837,127.157
653.008,154.59,428.853,112.462
647.257,146.168,422.57,104.565
695.571,231.409,476.15,184.247
767.288,180.462,537.596,129.891
654.835,156.792,430.801,114.501
758.347,237.787,534.562,185.449
766.475,181.137,536.916,130.594
655.725,157.476,431.712,115.113
714.65,165.885,487.869,119.381
699.757,238.349,480.689,190.628
703.312,163.945,477.133,118.255
783.209,154.772,549.777,104.22
711.269,159.833,484.169,113.735
688.651,236.48,470.161,189.708
691.027,224.043,471.228,177.468
716.443,167.741,489.705,121.06
702.275,226.152,481.908,178.635
650.651,127.529,424.025,86.0173
703.188,224.683,482.622,177.143
689.138,221.883,469.262,175.52
658.899,162.52,435.206,119.844
718.151,170.019,491.499,123.152
777.959,163.655,545.802,113.069
775.226,162.161,543.188,111.813
698.42,166.818,472.831,121.375
719.408,170.83,492.739,123.853
687.382,219.385,467.387,173.232
773.055,160.254,541.045,110.124
686.234,218.938,466.271,172.887
771.689,158.64,539.659,108.662
782.972,198.278,553.402,145.854
722.984,175.954,496.521,128.569
780.009,212.322,551.96,159.477
770.831,161.646,539.146,111.603
781.423,215.17,553.49,162.091
767.512,153.297,535.379,103.796
658.8,134.823,432.48,92.6829
658.065,135.604,431.856,93.4958
766.46,155.954,534.657,106.417
642.689,167.949,420.295,126.277
683.132,214.082,462.913,168.409
727.712,180.133,501.274,132.284
781.191,200.529,551.99,148.131
728.882,182.631,502.582,134.616
654.729,137.064,428.821,95.1395
720.334,148.141,491.519,101.806
776.766,203.699,548.264,151.476
722.871,147.961,493.856,101.471
776.268,199.314,547.425,147.32
726.79,144.736,497.192,98.0985
699.148,181.067,474.831,135.171
700.144,176.147,475.305,130.324
698.139,186.002,474.346,140.034
697.181,190.624,473.879,144.589
695.124,200.721,472.893,154.539
234.491,252.746,8.19766,246.657
293.245,261.461,73.9771,249.992
291.903,269.817,73.4225,258.832
242.302,246.721,16.1726,239.529
259.71,252.745,36.0655,244.155
235.845,264.507,11.1269,258.933
236.619,263.536,11.872,257.83
245.056,301.047,25.6446,296.397
235.689,264.313,10.9297,258.744
288.782,274.398,70.558,263.923
262.409,289.61,43.283,282.531
292.453,283.362,75.5993,272.888
292.739,284.687,76.0645,274.238
297.954,311.414,84.8943,301.469
262.671,286.26,43.1744,278.996
223.817,310.508,3.03448,308.676
252.926,294.252,33.3925,288.405
230.469,316.752,11.203,314.499
236.935,269.969,12.9991,264.58
272.907,296.45,55.8696,288.592
273.024,295.392,55.8733,287.475
226.53,284.257,3.12234,280.733
303.178,305.902,89.6705,295.164
300.155,263.536,81.6616,251.466
241.242,294.264,20.4601,289.673
298.915,299.769,84.5189,289.271
234.439,282.98,11.7881,278.549
240.011,308.923,20.8521,305.206
316.617,244.761,97.1382,230.323
256.041,300.721,37.5992,294.849
253.027,244.006,27.5074,235.601
222.274,317.946,2.21201,316.683
288.593,300.296,73.3735,290.919
271.636,255.97,49.7027,246.38
247.342,269.525,24.2611,263.022
292.028,291.649,76.1019,281.558
233.468,304.643,13.3166,301.454
246.98,282.789,25.4475,277.004
235.809,288.799,14.0135,284.531
288.338,300.361,73.0873,291.013
236.065,243.095,8.78763,236.308
304.919,249.805,85.3045,236.709
256.734,282.775,36.2183,275.966
274.516,281.867,55.9158,273.19
289.436,294.011,73.5582,284.289
309.002,240.59,88.4221,226.699
233.343,276.066,9.73343,271.379
398.712,275.133,187.879,253.767
396.309,354.443,194.036,334.705
410.519,255.768,198.053,232.891
450.426,293.635,243.212,267.466
413.288,280.013,203.561,257.318
455.269,287.111,247.459,260.411
389.295,349.149,186.163,330.121
466.403,337.718,264.086,310.145
426.133,304.18,219.438,280.562
403.434,351.957,201.156,331.383
398.429,318.72,192.346,298.194
416.09,282.786,206.764,259.863
416.42,283.801,207.215,260.862
423.838,287.492,215.277,263.879
378.635,244.258,163.349,224.049
408.694,271.315,197.85,248.909
419.24,288.328,210.621,265.182
409.004,272.128,198.26,249.707
398.922,311.824,192.107,291.128
469.67,337.779,267.394,309.857
467.389,345.214,265.644,317.526
470.011,255.903,259.159,227.56
432.71,283.047,223.937,258.502
405.618,280.448,195.648,258.511
428.604,286.629,220.096,262.534
428.206,285.164,219.529,261.088
429.588,258.661,218.103,234.063
375.585,253.477,161.017,233.784
382.771,316.041,175.718,297.124
468.989,348.258,267.801,320.421
347.881,247.818,131.023,230.553
428.71,264.365,217.583,239.913
398.476,286.368,188.862,265.249
459.689,288.911,252.148,261.794
398.369,287.35,188.858,266.261
457.159,331.259,254.04,304.648
449.259,266.775,239.168,240.451
470.965,345.634,269.299,317.56
372.217,307.033,163.65,289.034
456.834,331.069,253.69,304.491
375.51,309.299,167.362,291.006
459.474,256.634,248.52,229.258
406.498,314.593,200.276,293.15
394.946,304.047,187.117,283.624
389.351,251.93,175.455,230.927
390.751,266.966,178.667,246.193
464.021,288.427,256.499,260.884
441.948,278.529,232.936,253.034
446.93,299.09,240.221,273.317
370.01,305.882,161.201,288.087
444.209,321.769,239.851,296.463
453.358,330.328,250.08,304.114
448.679,266.468,238.542,240.195
463.95,311.532,258.857,284.126
408.809,304.013,201.523,282.164
413.701,323.249,208.67,301.173
431.04,326.669,226.892,302.793
444.351,321.864,240.006,296.544
442.636,278.53,233.641,252.968
396.114,257.316,182.983,235.792
443.568,325.305,239.571,300.093
444.557,320.614,240.083,295.263
405.084,292.891,196.449,271.233
446.3,277.106,237.24,251.177
471.927,351.243,271.077,323.088
464.009,327.284,260.346,299.913
429.766,275.142,220.059,250.774
325.755,256.354,108.55,241.514
439.581,328.424,235.829,303.658
459.482,313.005,254.477,286.062
387.848,287.31,177.868,267.271
458.315,262.186,247.926,234.971
438.958,278.791,229.898,253.587
426.253,275.091,216.433,251.06
433.554,304.777,227.131,280.411
458.186,280.567,249.738,253.53
432.478,275.13,222.849,250.502
361.542,250.961,145.896,232.514
415.029,322.52,209.963,300.293
462.602,330.59,259.267,303.379
453.564,338.582,251.16,312.386
376.666,291.35,166.589,272.528
467.103,314.448,262.133,286.71
446.098,268.167,235.856,242.131
411.162,312.028,204.83,290.06
417.13,272.104,206.683,248.902
410.287,288.964,201.422,266.717
450.84,274.152,241.342,247.734
461.79,298.913,255.338,271.656
434.248,316.666,229.114,292.354
384.691,302.316,176.216,282.917
464.273,325.289,260.404,297.884
476.791,342.09,275.025,313.41
452.896,246.429,240.724,219.535
327.107,259.24,110.333,244.374
375.206,301.371,166.165,282.931
448.004,252.171,236.33,225.79
454.621,351.292,253.573,325.031
462.231,245.84,250.188,218.105
424.303,251.809,211.68,227.561
449.847,261.587,239.218,235.15
472.194,300.72,265.847,272.415
579.353,341.129,376.173,301.694
521.297,327.757,317.949,294.46
521.818,326.084,318.242,292.741
566.411,330.17,362.547,292.251
521.541,325.136,317.856,291.827
531.873,299.605,325.618,265.467
544.085,347.575,342.462,311.708
533.067,334.025,329.985,299.438
555.903,335.752,352.853,298.82
617.021,290.552,407.532,248.5
490.854,256.676,280.308,226.45
488.167,272.121,279.207,242.197
607.603,296.734,399.101,255.423
617.061,290.577,407.573,248.521
546.681,276.333,337.876,240.976
593.316,348.626,390.398,307.595
609.167,295.548,400.488,254.116
623.34,299.747,414.454,256.894
626.264,284.482,415.782,241.724
532.916,333.871,329.819,299.301
595.954,351.42,393.206,310.052
541.165,323.479,337.053,288.191
562.682,352.05,361.08,314.154
492.653,254.842,281.928,224.447
610.428,281.301,400.32,240.049
528.881,340.748,326.55,306.531
611.97,354.388,408.841,311.281
611.431,283.411,401.487,242.025
493.873,253.809,283.048,223.301
487.506,270.752,278.399,240.885
624.273,286.15,414.041,243.534
610.304,355.268,407.334,312.311
605.089,298.321,396.84,257.212
628.831,282.79,418.068,239.84
624.989,302.13,416.256,259.065
608.835,278.868,398.555,237.81
576.78,331.552,372.757,292.56
607.979,278.211,397.669,237.243
542.302,269.159,332.841,234.257
604.31,299.301,396.186,258.246
555.652,352.703,354.291,315.539
625.892,302.754,417.176,259.588
585.562,350.285,383.086,310.024
515.105,343.066,313.421,310.305
553.59,271.084,344.14,235.141
547.836,322.351,343.62,286.417
540.35,266.908,330.689,232.197
574.064,334.097,370.372,295.335
530.0,313.005,324.768,278.912
527.311,314.556,322.296,280.722
521.889,297.969,315.566,264.809
535.886,346.516,334.236,311.52
545.862,287.37,338.027,251.978
550.867,287.154,343.075,251.311
529.873,280.606,321.717,246.779
538.267,264.376,328.377,229.869
527.541,283.169,319.667,249.547
581.64,308.693,375.223,269.624
520.3,286.592,312.831,253.638
514.627,335.862,312.214,303.203
516.078,316.512,311.59,283.816
528.736,282.714,320.805,248.982
537.5,263.857,327.567,229.422
562.91,356.653,361.757,318.653
590.356,314.846,384.256,274.818
530.745,287.325,323.261,253.377
559.028,304.535,352.804,267.717
542.332,354.112,341.396,318.343
524.235,318.319,319.69,284.772
532.992,357.736,332.363,322.901
590.595,324.124,385.391,283.89
517.008,313.084,312.124,280.309
532.562,288.716,325.198,254.587
546.75,344.76,344.704,308.642
592.021,329.416,387.282,288.932
501.674,338.379,299.581,307.064
563.528,264.86,353.258,228.083
547.694,305.302,341.447,269.541
546.418,306.875,340.337,271.22
512.513,290.003,305.432,257.78
558.629,314.207,353.375,277.302
547.459,346.346,345.539,310.13
541.999,293.484,334.736,258.394
538.022,308.967,332.245,274.111
571.863,346.634,369.47,307.872
504.206,332.708,301.525,301.154
513.751,321.292,309.859,288.814
617.076,249.195,403.598,207.996
539.779,351.023,338.581,315.566
628.239,247.066,414.08,204.969
512.801,351.97,311.821,319.365
756.174,250.267,533.695,197.555
749.565,317.716,533.689,262.476
739.919,323.975,525.463,269.337
770.944,254.614,547.49,200.513
680.587,303.898,468.88,255.6
755.944,327.016,540.306,270.729
758.977,311.833,541.711,256.014
742.748,308.401,526.65,254.223
749.362,317.745,533.507,262.522
772.049,240.857,547.275,187.308
752.349,253.162,530.469,200.632
755.378,325.742,539.68,269.571
772.615,256.979,549.211,202.631
737.448,325.644,523.357,271.161
684.773,310.715,473.416,261.787
741.144,306.197,524.99,252.265
761.475,310.112,543.822,254.151
673.829,308.853,463.024,261.013
757.7,329.554,542.122,272.975
676.076,296.683,463.994,249.045
736.627,326.803,522.711,272.344
773.298,257.736,549.896,203.296
758.484,330.213,542.891,273.527
751.473,254.426,529.783,201.912
762.222,309.105,544.409,253.126
687.299,298.615,474.651,249.887
686.769,312.731,475.461,263.544
688.37,297.24,475.522,248.463
674.142,294.387,461.97,247.001
737.055,300.948,520.784,247.622
761.773,335.023,546.292,277.782
668.979,312.318,458.804,264.817
689.792,316.28,478.601,266.678
692.223,294.994,478.9,245.949
671.189,291.155,458.902,244.142
667.959,276.688,454.519,230.416
683.165,258.763,467.101,211.74
685.153,249.182,468.07,202.297
684.147,254.017,467.579,207.063
679.142,278.349,465.158,231.042
682.163,263.679,466.621,216.584
749.006,278.691,529.701,225.31
680.114,273.712,465.636,226.47
670.155,322.041,460.812,274.1
678.158,283.094,464.679,235.718
681.169,268.532,466.142,221.366
664.141,351.212,457.898,302.849
667.152,336.587,459.355,288.436
666.163,341.405,458.878,293.184
668.162,331.629,459.839,283.551
746.019,293.166,528.271,239.391
669.161,326.817,460.326,278.807
745.042,297.826,527.797,243.925
752.04,263.874,531.143,210.898
750.0,273.808,530.171,220.561
737.026,336.81,523.972,281.846
736.016,341.774,523.494,286.673
748.008,283.554,529.226,230.04
751.022,268.79,530.654,215.681
697.776,251.097,480.021,203.109
735.009,346.667,523.013,291.433
734.052,351.338,522.558,295.976
695.763,260.822,479.044,212.67
690.757,285.164,476.63,236.6
747.041,288.231,528.762,234.59
676.75,353.232,469.87,303.518
680.717,333.935,471.782,284.547
692.789,275.305,477.612,226.908
681.742,328.951,472.277,279.648
679.789,338.377,471.328,288.916
691.656,280.833,477.067,232.342
718.115,243.718,498.201,194.334
774.247,330.881,557.183,272.679
676.66,277.093,462.718,230.044
680.672,257.54,464.655,210.766
678.676,267.36,463.7,220.446
779.471,331.867,561.968,273.122
666.668,325.734,457.89,278.003
698.329,261.807,481.522,213.405
694.315,281.325,479.587,232.583
696.282,272.089,480.565,223.502
664.665,335.31,456.905,287.448
662.667,345.146,455.95,297.144
684.323,329.975,474.775,280.384
682.319,339.594,473.798,289.838
781.016,256.696,556.774,201.681
682.192,253.696,465.72,206.915
727.934,245.727,507.437,195.477
683.238,248.602,466.225,201.893
681.191,258.568,465.236,211.718
747.148,277.794,527.927,224.612
711.651,317.869,498.986,266.15
676.099,283.376,462.778,236.174
697.814,260.818,480.952,212.494
695.889,270.141,480.02,221.656
662.183,350.93,456.036,302.775
748.131,272.968,528.392,219.917
722.868,244.712,502.678,194.909
668.219,321.599,458.958,273.858
667.175,326.694,458.454,278.881
694.849,275.212,479.52,226.639
767.52,318.769,550.053,261.821
723.833,317.127,510.127,264.301
742.197,248.719,520.797,197.199
643.97,303.914,434.458,259.021
681.962,337.763,473.296,288.111
746.741,277.939,527.569,224.785
660.559,304.13,450.133,257.682
770.771,332.062,554.155,274.124
697.082,314.89,485.242,264.655
663.053,307.892,452.83,261.092
706.97,316.903,494.578,265.662
703.384,318.069,491.369,267.118
733.14,345.862,521.235,290.849
728.354,318.095,514.361,264.805
694.512,310.981,482.498,261.135
679.864,347.948,472.283,298.12
712.8,320.05,500.244,268.133
701.932,315.884,489.826,265.156
726.026,320.868,512.477,267.674
746.171,282.565,527.462,229.254
680.935,342.693,472.795,292.957
732.155,350.6,520.76,295.46
648.75,304.893,439.071,259.524
653.031,305.83,443.201,260.033
655.706,303.145,445.471,257.179
699.439,312.151,487.176,261.802
734.129,341.042,521.706,286.159
657.998,306.873,447.98,260.579
732.735,345.877,520.866,290.903
784.359,332.9,566.446,273.64
660.807,296.743,449.673,250.5
771.497,327.096,554.374,269.35
749.142,268.042,528.874,215.123
735.152,336.047,522.193,281.298
730.958,246.181,510.26,195.669
750.174,263.019,529.366,210.236
704.408,313.184,491.87,262.331
728.149,308.987,513.352,256.115
656.196,295.793,445.241,250.002
744.16,292.247,526.493,238.677
784.843,257.236,560.27,201.885
728.687,310.721,514.002,257.725
698.275,302.904,485.249,253.016
651.378,302.247,441.304,256.71
659.994,294.947,448.739,248.834
750.054,335.051,535.675,278.924
745.223,287.055,526.999,233.625
748.704,268.181,528.487,215.293
721.091,319.857,507.856,267.169
764.961,262.961,542.807,208.958
703.504,303.892,490.184,253.487
715.948,318.783,503.028,266.623
709.579,314.246,496.745,262.869
723.24,307.967,508.755,255.589
672.852,327.951,463.885,279.544
775.967,318.85,557.677,261.123
724.037,309.762,509.649,257.234
664.274,304.804,453.688,257.989
708.417,304.894,494.819,254.0
293.378,385.871,88.4737,379.052
230.077,373.045,17.6427,373.594
283.188,383.387,77.2356,377.756
226.554,364.453,12.5796,365.024
284.115,415.986,81.7791,411.294
289.902,378.436,83.6955,371.789
289.189,379.376,83.0327,372.848
248.681,414.325,43.2086,414.251
249.571,466.21,50.3011,467.908
300.261,394.685,96.9871,387.287
301.863,397.368,99.0187,389.848
298.478,391.753,94.7301,384.49
298.513,394.072,95.0344,386.875
254.402,464.096,55.3316,465.035
253.38,459.229,53.6443,460.148
244.278,403.758,37.1183,403.842
288.031,401.239,84.3091,395.573
290.696,400.995,87.4002,395.0
287.399,399.175,83.3868,393.523
262.025,467.5,64.0382,467.465
222.38,450.255,18.4898,455.213
289.885,401.53,86.4402,395.644
225.118,449.078,21.3783,453.602
226.08,448.681,22.3945,453.053
259.818,465.842,61.4419,466.068
220.045,451.192,16.016,456.518
290.523,429.402,90.4886,424.289
235.923,465.913,27.2088,469.052
239.119,464.353,38.6259,467.479
290.148,432.332,90.4218,427.354
286.743,455.76,89.4487,451.906
238.893,393.735,29.993,394.098
291.01,435.751,91.7445,430.755
292.482,437.053,93.4799,431.896
283.939,459.215,86.8225,455.846
236.404,378.205,25.3917,378.207
292.693,432.439,93.1767,427.124
236.773,386.634,26.8057,386.962
294.464,435.998,95.4923,430.545
241.243,366.873,29.1428,365.75
221.611,378.42,8.76477,380.274
288.171,437.871,88.9277,433.318
472.336,432.307,279.908,403.835
442.865,416.668,248.522,391.889
456.899,444.27,265.599,417.672
478.118,408.131,283.206,379.103
435.148,454.827,244.707,431.004
414.715,376.84,215.493,355.249
392.389,371.837,191.859,352.792
462.069,450.287,271.434,422.996
389.308,390.246,190.665,371.808
441.83,401.7,245.891,377.032
464.237,369.558,265.099,342.244
390.101,387.435,191.182,368.866
464.312,366.948,264.902,339.625
465.905,447.726,275.025,419.96
465.677,444.643,274.476,416.926
465.722,451.65,275.248,423.881
389.198,383.603,189.826,365.092
466.149,410.663,271.443,383.06
448.443,408.498,253.099,383.02
370.931,383.419,170.747,367.087
386.146,377.088,185.939,358.849
380.068,394.655,181.298,377.376
370.784,384.416,170.703,368.119
433.888,372.602,234.708,348.763
464.583,364.513,264.921,337.159
396.848,386.594,198.091,367.209
403.491,394.27,205.796,374.17
414.683,386.449,216.493,364.944
445.265,382.822,247.391,357.709
431.391,392.236,234.244,368.786
435.785,372.311,236.615,348.253
400.94,382.819,201.919,362.905
449.866,391.863,252.793,366.208
443.614,446.696,252.22,421.775
465.894,437.797,274.007,410.096
455.268,453.687,264.936,427.253
431.149,392.087,233.981,368.665
455.683,420.025,261.862,393.667
447.055,390.503,250.02,365.196
471.622,451.414,281.145,422.891
419.106,398.506,222.332,376.559
389.436,400.329,191.667,381.981
401.123,383.685,202.203,363.759
430.296,396.024,233.528,372.721
471.702,468.718,283.013,440.034
368.906,374.657,167.658,358.413
421.45,376.743,222.407,354.368
461.586,412.653,266.828,385.577
382.104,436.429,187.985,419.407
430.418,396.109,233.662,372.792
438.384,420.632,244.385,396.407
386.483,374.627,186.021,356.312
396.844,380.269,197.4,360.81
410.423,427.967,216.57,407.266
449.442,383.721,251.73,358.125
405.081,427.579,211.03,407.553
437.415,380.612,239.161,356.404
431.167,424.999,237.496,401.678
434.212,423.306,240.421,399.602
427.81,403.264,231.757,380.291
437.823,413.843,242.872,389.662
411.39,401.594,214.504,380.583
427.917,402.366,231.771,379.376
376.039,375.614,175.232,358.544
457.731,390.19,260.585,363.611
425.665,394.748,228.655,371.992
472.867,395.598,276.637,367.251
445.071,455.107,254.804,429.99
473.812,391.234,277.134,362.793
425.361,363.426,224.997,340.499
402.088,379.621,202.761,359.536
439.855,448.507,248.597,424.066
425.992,404.49,229.802,381.724
378.327,365.723,176.536,348.22
429.428,425.687,235.795,402.585
372.638,413.057,175.795,396.975
397.261,376.792,197.455,357.241
454.352,384.839,256.603,358.654
375.952,411.692,179.104,395.175
369.284,392.62,169.805,376.621
526.107,460.238,335.817,424.631
561.461,455.537,369.949,415.6
488.443,441.461,296.956,410.9
499.432,434.583,307.159,402.729
497.885,375.102,299.567,343.988
565.064,445.501,372.59,405.379
536.878,416.164,342.211,380.049
534.621,417.459,340.168,381.593
497.05,386.708,299.924,355.605
579.998,371.729,379.807,331.599
564.635,445.239,372.149,405.176
609.132,428.799,413.268,383.861
498.574,385.703,301.339,354.434
608.694,430.468,413.01,385.529
542.261,375.43,343.457,339.363
501.945,414.497,307.631,382.566
523.764,418.511,329.608,383.92
522.618,418.339,328.463,383.888
505.69,370.531,306.869,338.578
601.135,424.01,405.181,380.155
531.952,452.919,341.095,416.735
600.642,424.297,404.737,380.491
515.321,446.984,324.159,412.986
531.58,451.494,340.589,415.384
494.095,455.663,304.008,424.223
523.954,447.319,332.407,412.216
630.711,456.517,436.348,408.051
518.176,439.481,326.216,405.246
490.044,433.129,297.698,402.453
519.068,442.686,327.418,408.29
491.625,453.617,301.344,422.517
519.148,447.322,327.963,412.84
555.78,449.992,363.897,410.893
554.061,444.072,361.782,405.332
496.979,404.008,301.623,372.77
519.264,369.347,320.207,335.9
603.937,451.04,410.448,406.017
600.36,472.876,409.131,427.583
496.066,399.54,300.257,368.448
496.255,398.084,300.296,366.983
556.891,443.008,364.425,403.945
618.17,425.742,421.568,379.845
591.994,427.105,396.731,384.234
546.715,437.679,354.002,399.976
562.839,382.665,364.141,344.181
545.152,443.061,353.012,405.437
528.159,382.632,330.326,348.037
593.135,371.994,392.492,330.437
491.212,468.082,302.411,436.856
586.933,409.747,390.192,367.935
515.945,472.973,327.364,438.457
544.177,445.086,352.262,407.539
543.34,444.679,351.405,407.244
596.099,371.431,395.072,329.549
543.686,447.592,351.893,410.043
601.681,463.332,409.476,418.188
559.037,382.6,360.437,344.54
549.114,475.0,359.889,436.149
593.597,391.734,394.848,349.633
600.173,467.607,408.448,422.51
492.765,468.285,303.975,436.854
492.307,470.588,303.755,439.186
543.198,366.195,343.453,330.163
496.917,394.29,300.567,363.143
496.749,403.779,301.371,372.57
489.951,425.065,296.558,394.461
598.337,373.924,397.674,331.758
543.099,459.054,352.457,421.333
583.416,469.82,392.637,426.754
525.39,435.446,332.909,400.389
552.391,407.043,356.383,369.271
595.007,374.575,394.54,332.753
572.137,444.163,379.079,403.194
599.408,374.608,398.767,332.309
568.732,474.412,378.746,433.059
600.63,439.239,406.162,394.985
496.99,451.719,306.481,419.96
533.096,435.954,340.522,399.946
596.324,454.011,403.469,409.823
562.123,374.239,362.613,335.995
495.258,409.664,300.489,378.579
615.242,433.218,419.5,387.419
563.839,369.972,363.861,331.62
611.945,455.778,418.519,409.623
483.301,452.705,292.958,422.677
566.444,426.737,371.971,386.891
504.898,419.562,311.004,387.214
572.205,380.767,373.04,341.285
558.797,376.859,359.636,338.932
533.743,469.462,344.358,432.709
575.025,401.834,377.831,361.57
526.382,472.049,337.268,436.18
583.715,400.368,385.972,359.142
543.13,459.254,352.507,421.525
541.092,396.035,344.32,359.769
568.237,363.087,367.355,324.38
485.038,381.004,287.338,351.311
566.086,423.92,371.348,384.183
565.776,422.562,370.915,382.893
570.626,474.203,380.552,432.615
631.313,420.579,433.524,373.336
516.923,467.375,327.756,432.831
571.768,434.691,377.797,394.007
600.1,439.212,405.653,395.023
590.532,365.868,389.393,324.736
632.474,420.534,434.617,373.159
608.922,435.647,413.723,390.518
587.033,418.857,391.172,376.794
592.483,364.09,391.098,322.792
565.233,399.279,368.101,360.188
554.826,429.136,360.937,390.624
580.122,466.773,389.179,424.211
526.265,390.228,329.007,355.728
530.166,371.355,330.95,336.661
557.961,432.011,364.166,393.051
555.753,430.16,361.955,391.516
555.848,378.361,356.911,340.732
578.878,405.819,381.841,365.011
584.554,398.236,386.572,356.967
578.795,384.497,379.779,344.205
517.809,382.717,320.122,349.288
525.243,437.616,332.922,402.536
556.149,389.066,358.264,351.208
545.312,437.417,352.608,399.89
522.695,470.875,333.534,435.505
574.546,447.332,381.711,405.985
577.808,453.94,385.708,412.03
540.853,398.776,344.319,362.488
616.102,368.717,414.158,324.786
577.708,405.477,380.678,364.812
539.752,463.157,349.6,425.771
587.07,396.518,388.827,355.008
559.762,387.962,361.672,349.719
569.446,398.625,372.12,359.068
503.742,442.215,312.21,409.73
615.549,418.131,418.354,372.783
548.134,408.64,352.391,371.333
512.702,383.101,315.107,350.246
519.826,385.802,322.209,352.09
502.738,446.458,311.646,414.043
593.081,468.317,401.746,424.084
592.126,408.515,394.848,366.121
603.087,372.629,401.889,329.964
589.164,438.136,395.084,395.289
553.424,380.953,354.805,343.547
604.442,414.935,407.467,370.965
575.75,468.621,385.156,426.556
590.614,438.654,396.525,395.618
514.16,426.004,320.676,392.442
554.245,397.087,357.204,359.293
597.992,367.288,396.701,325.325
532.71,378.225,334.362,343.179
547.081,423.547,352.843,386.077
550.422,430.23,356.66,392.215
540.598,453.599,349.477,416.308
615.039,463.263,422.168,416.47
492.729,418.408,298.645,387.528
630.517,473.672,437.782,424.579
531.459,384.08,333.719,349.094
546.823,405.9,350.839,368.796
736.307,445.95,533.048,385.502
688.051,435.44,487.919,381.07
698.719,440.476,498.184,384.637
653.515,433.743,455.64,383.443
728.175,378.694,519.644,322.612
744.536,381.68,534.807,323.752
745.585,446.23,541.475,384.702
726.725,376.362,518.11,320.542
747.066,380.15,536.967,322.04
682.376,432.527,482.371,378.939
725.842,375.519,517.227,319.831
663.201,435.144,464.821,383.661
748.154,379.476,537.893,321.289
661.857,366.257,457.161,317.591
669.752,455.105,472.766,401.998
748.187,448.37,543.985,386.42
672.935,368.261,467.703,318.368
705.799,447.31,505.308,390.316
665.474,434.549,466.885,382.827
696.555,461.832,498.131,405.21
665.959,372.458,461.577,323.136
734.998,386.334,526.55,329.163
694.56,461.067,496.226,404.721
774.728,462.973,569.104,397.086
762.106,442.515,555.842,379.303
774.366,463.396,568.818,397.524
762.656,452.425,557.371,388.577
722.808,434.384,519.535,376.075
730.87,456.14,528.988,395.762
707.147,432.856,505.269,376.422
764.062,465.661,559.789,400.851
776.642,464.192,570.92,398.006
743.231,395.939,534.889,337.407
702.603,467.867,504.234,410.22
730.431,457.344,528.696,396.951
673.703,472.715,472.596,417.91
674.27,475.305,473.274,420.308
771.873,464.849,566.715,399.177
652.068,460.12,456.743,408.924
710.694,435.634,508.773,378.659
647.074,435.98,449.812,386.344
697.608,458.305,498.78,401.731
715.706,447.835,514.427,389.663
718.993,441.265,516.84,383.052
728.764,393.401,521.5,336.534
725.844,457.928,524.577,398.041
650.436,424.152,451.86,374.581
654.792,451.695,458.506,400.519
729.398,391.17,521.878,334.347
650.791,375.845,447.671,328.003
714.609,450.604,513.673,392.417
647.382,425.112,449.084,375.856
758.673,469.912,555.323,405.478
727.086,436.887,523.859,377.98
698.929,385.762,493.431,332.419
649.794,377.671,446.905,329.871
711.462,436.454,509.55,379.35
736.553,455.661,534.103,394.646
727.64,439.045,524.557,379.961
781.087,403.13,569.625,340.186
652.396,424.633,453.742,374.819
766.296,444.447,559.774,380.645
665.278,463.1,469.343,410.179
762.284,440.041,555.785,376.954
716.925,442.168,515.052,384.148
734.544,398.891,527.056,341.112
684.418,468.166,482.168,412.27
676.93,434.239,477.51,381.205
695.212,435.312,494.485,380.122
658.859,461.712,463.234,409.628
773.797,397.131,562.572,335.306
715.793,444.453,514.233,386.447
645.878,439.553,449.024,389.919
716.967,467.027,517.301,407.704
662.656,380.016,459.191,330.762
678.111,458.394,480.793,404.138
704.01,452.609,504.145,395.561
685.736,447.82,486.88,393.147
704.287,461.786,505.229,404.245
679.072,448.901,480.812,394.963
698.956,387.887,493.65,334.448
719.135,467.411,519.313,407.809
644.632,444.791,448.345,395.101
671.106,425.217,471.062,373.22
705.171,458.023,505.7,400.567
660.578,427.975,461.708,377.089
716.17,468.568,516.712,409.259
745.741,468.034,543.51,405.238
752.585,404.127,543.885,344.141
784.775,471.065,578.645,403.482
748.171,456.318,544.671,393.914
755.225,399.54,546.066,339.542
657.617,426.833,458.834,376.333
731.069,465.993,530.045,405.05
753.698,401.182,544.631,341.238
722.167,438.796,519.547,380.35
715.586,389.183,509.066,333.918
753.216,403.599,544.409,343.574
710.426,390.049,504.408,335.292
715.859,439.774,513.873,381.999
678.831,381.641,474.432,330.604
463.949,531.181,273.622,502.396
432.93,508.637,241.303,484.515
458.061,525.606,267.66,497.753
463.132,483.632,275.964,455.951
444.637,583.119,250.387,556.171
438.358,578.374,243.674,552.444
435.951,487.068,248.697,463.035
455.09,489.8,268.323,463.142
467.078,522.912,277.062,493.843
468.763,538.632,273.523,508.738
464.155,566.276,268.637,536.56
387.54,519.845,188.124,501.772
464.627,547.133,269.227,517.686
473.632,550.871,277.574,519.999
453.603,529.987,262.964,502.692
423.985,486.23,236.668,463.851
468.581,492.866,282.184,464.345
433.311,544.741,240.155,520.078
446.128,510.729,261.697,485.159
443.18,525.927,252.269,500.178
466.903,491.082,280.415,462.813
434.522,555.033,240.983,530.046
446.489,545.398,255.164,518.874
430.076,525.839,237.488,501.891
431.474,535.089,238.448,510.813
454.211,492.58,267.727,466.019
365.268,527.726,163.098,512.837
435.044,569.818,240.507,544.517
429.246,561.292,234.396,536.962
445.928,508.18,261.229,482.658
376.965,531.871,180.919,515.561
449.983,556.574,258.476,529.354
455.137,574.624,260.243,546.163
379.873,531.145,183.982,514.406
464.223,552.819,268.709,523.328
458.14,557.571,262.974,528.922
521.475,491.194,334.372,455.586
512.298,489.907,325.505,455.564
503.271,493.805,316.779,460.584
588.281,530.248,387.038,483.55
489.16,485.167,302.116,453.982
503.562,566.904,307.432,531.275
526.253,581.089,326.075,541.51
558.567,517.787,358.569,475.597
491.416,507.098,296.069,474.603
559.642,515.522,359.684,473.264
604.448,537.354,398.027,487.876
519.653,522.027,321.414,485.118
519.473,522.537,321.238,485.64
626.565,485.13,434.928,436.076
606.848,540.302,400.09,490.36
574.127,584.914,369.01,537.914
557.271,555.764,354.831,512.353
595.531,572.407,388.632,522.717
557.052,555.882,354.629,512.5
530.732,530.866,331.878,492.149
627.006,505.378,427.162,454.761
534.313,553.636,336.396,513.812
488.841,527.481,292.151,494.842
538.256,518.74,339.17,479.321
526.152,565.172,326.255,526.078
545.197,488.188,357.384,449.526
591.813,514.85,390.829,468.291
500.106,520.929,302.933,486.821
588.644,513.229,387.76,467.154
526.343,564.623,326.442,525.517
514.012,569.23,317.833,532.0
569.127,514.287,368.845,470.786
608.162,490.161,408.169,442.555
500.499,521.376,303.29,487.201
616.803,535.936,409.377,484.8
613.617,504.156,413.13,455.246
535.013,574.221,334.087,533.514
537.094,573.832,335.983,532.822
511.448,526.519,313.537,490.655
613.709,503.325,413.246,454.44
579.928,541.281,375.88,495.127
542.6,493.327,344.726,454.147
622.822,572.359,413.482,518.695
535.992,546.181,337.58,506.312
485.292,585.888,291.162,552.648
574.509,576.024,369.448,529.299
627.924,494.203,437.272,444.636
578.779,542.499,374.753,496.459
622.955,572.316,413.603,518.635
594.79,506.129,394.023,459.534
578.776,533.143,377.971,487.645
582.426,546.928,377.689,500.181
581.879,545.293,377.298,498.691
530.964,506.783,332.526,468.727
585.261,498.369,385.044,453.332
546.295,508.235,347.123,468.039
607.982,488.305,417.646,441.499
584.095,581.269,378.102,532.915
588.276,520.919,387.221,474.59
598.869,556.25,392.115,506.75
546.257,507.837,347.097,467.659
585.871,500.693,385.496,455.481
502.743,542.863,305.174,507.856
583.494,502.492,383.04,457.516
587.327,502.511,386.809,457.034
605.337,493.549,405.153,446.147
539.163,497.3,340.999,458.437
508.49,527.86,310.687,492.383
609.233,508.982,408.42,460.409
605.02,528.252,399.145,479.102
500.922,509.382,304.441,475.462
529.231,539.296,330.712,500.572
545.759,526.297,346.283,485.606
630.307,528.042,422.275,475.429
492.737,551.93,295.961,518.204
595.383,582.398,388.369,532.321
613.096,505.067,412.566,456.182
572.021,519.807,371.425,475.709
541.841,585.301,339.865,543.192
500.401,481.922,312.737,449.279
595.935,537.04,390.336,488.773
670.608,490.532,471.318,435.3
739.609,536.975,528.614,469.753
708.619,560.718,501.927,496.231
688.468,500.734,483.338,442.366
757.249,537.921,544.415,468.333
694.29,543.697,488.08,482.106
695.478,542.555,489.107,480.866
660.151,485.21,466.614,431.942
760.861,483.5,558.475,417.977
768.087,486.902,565.245,420.298
708.439,502.115,504.124,441.326
714.876,511.235,506.648,448.842
644.058,488.526,451.701,437.123
731.709,552.841,522.335,485.695
657.212,510.366,454.679,455.524
657.38,511.131,454.803,456.226
737.576,581.109,524.696,511.144
741.669,580.989,528.266,510.459
679.602,538.601,468.829,478.886
706.497,548.471,499.342,484.968
668.928,501.306,465.552,445.415
730.676,514.769,520.942,450.143
653.242,552.978,441.774,495.94
728.111,532.222,518.085,466.795
718.459,564.508,508.64,498.307
656.027,550.883,444.459,493.571
678.884,529.114,473.956,470.394
728.828,531.726,518.706,466.234
747.337,562.601,533.611,492.537
676.713,544.137,464.725,484.421
733.322,516.5,523.182,451.417
720.132,544.348,511.451,479.256
716.471,567.415,506.744,501.299
756.165,523.262,545.352,454.94
758.903,529.972,545.67,460.693
771.35,524.6,558.136,454.196
780.235,550.836,563.689,477.26
724.565,546.299,515.544,480.5
662.304,522.685,453.501,466.147
768.389,533.58,554.184,462.835
749.178,558.305,535.322,488.284
759.574,518.901,547.952,450.408
722.198,545.646,513.378,480.202
652.981,528.682,443.524,472.998
758.107,524.245,547.023,455.603
761.225,519.719,549.378,450.957
654.734,527.529,445.383,471.682
752.643,523.306,540.432,455.304
775.675,550.522,559.601,477.564
777.933,490.476,574.352,422.457
757.541,517.866,546.194,449.705
751.448,555.636,537.382,485.492
742.618,558.947,529.569,489.773
755.171,516.673,544.144,448.897
716.388,540.313,507.904,475.956
710.618,545.429,502.921,481.546
726.919,553.285,518.044,486.755
716.671,538.439,508.084,474.154
725.074,572.58,513.991,504.926
748.586,552.564,535.09,483.025
753.558,515.759,542.744,448.252
666.75,547.304,454.722,488.725
671.979,527.682,463.011,469.644
721.903,502.909,515.448,440.308
780.131,491.432,576.288,423.077
651.944,490.284,459.226,437.809
730.994,557.143,521.956,489.833
760.216,525.321,547.319,456.223
736.118,562.07,523.842,493.576
710.271,515.481,502.185,453.406
686.634,581.422,471.145,518.137
