279.939,19.0626,42.7433,38.185
295.749,94.1202,72.6293,114.229
303.034,23.4359,68.7734,40.05
296.978,76.013,70.9519,95.3065
278.972,61.0495,48.9034,82.0162
298.308,74.6241,72.1605,93.6999
297.183,97.1335,74.6806,117.166
271.805,57.196,40.0628,78.882
301.087,70.5325,74.4869,89.1123
267.247,41.6927,32.6565,63.2826
237.435,105.401,10.5739,133.63
234.066,101.706,6.22977,130.212
234.012,100.705,6.00092,129.171
235.835,56.6185,0.794342,82.759
235.769,56.3799,0.680908,82.5171
236.701,59.2483,2.1969,85.4065
285.653,85.9684,60.3289,107.072
269.784,36.8251,34.6179,57.8998
267.426,38.0646,32.244,59.4762
229.213,100.317,0.627899,129.404
298.881,85.1542,74.5284,104.539
242.251,111.761,16.8036,139.633
289.817,85.6921,64.8022,106.252
270.01,27.1161,33.2374,47.7462
247.248,107.558,21.747,134.573
231.607,110.117,4.78033,139.347
278.464,46.5832,45.7357,67.0189
254.1,73.8353,23.8331,98.4667
301.712,84.9787,77.5588,103.997
252.457,45.1217,17.0982,68.6658
253.024,45.3706,17.7641,68.8567
289.991,27.1687,54.8721,45.438
258.117,79.9179,29.0367,104.298
261.998,79.6502,33.4729,103.526
242.195,32.3372,3.62415,56.5288
257.362,110.376,33.5496,136.164
258.612,73.8554,28.5614,97.9093
291.832,26.774,57.179,44.8252
288.122,27.1271,52.8319,45.6145
289.866,12.9769,52.369,30.6934
280.186,51.0109,48.1761,71.4123
291.913,51.9234,61.4559,70.9411
237.599,71.5201,5.03262,98.144
258.079,80.2383,29.0489,104.638
305.095,83.1925,80.9151,101.718
274.695,69.6426,45.6761,91.4914
271.803,70.2781,42.6258,92.5166
277.34,68.2712,48.3312,89.7325
252.128,19.3771,12.3979,41.7739
281.909,87.5477,56.1516,109.186
315.831,88.6863,93.386,106.035
267.756,50.0762,34.4409,71.9591
286.0,103.038,63.5483,124.743
243.734,86.39,14.3127,112.915
267.564,111.814,44.9472,136.299
308.812,87.6628,85.6632,105.871
293.783,28.6371,59.6085,46.5319
284.127,102.442,61.4158,124.37
306.731,83.6052,82.7483,101.938
306.582,96.0078,84.6413,114.786
241.007,86.5884,11.3397,113.478
232.82,88.6566,2.64627,116.711
314.113,97.0491,92.9206,114.893
291.152,31.6446,57.2517,49.9672
244.225,40.4703,7.24011,64.8029
423.925,104.668,210.033,108.742
430.526,112.499,218.114,115.846
359.183,101.242,141.69,113.433
414.759,111.119,201.561,116.442
416.517,109.692,203.158,114.771
354.728,95.017,135.954,107.616
347.969,100.762,129.718,114.372
425.263,86.5421,208.516,90.1952
413.96,101.485,199.184,106.76
363.999,105.544,147.485,117.225
364.646,106.155,148.268,117.768
421.99,41.66,197.921,45.0128
437.739,43.8215,214.589,45.4001
436.584,42.6132,213.201,44.3074
439.991,44.6269,217.044,45.9582
440.854,45.4726,218.07,46.7161
419.283,42.9326,195.311,46.6177
418.577,41.5958,194.362,45.3396
445.61,50.2965,223.746,51.0535
433.414,34.085,208.556,36.0178
414.492,45.6395,190.76,49.9243
433.25,93.7395,217.93,96.5099
399.341,99.3936,183.617,106.466
366.344,31.4872,137.894,41.0255
385.25,97.1886,168.507,105.987
450.266,55.7354,229.407,56.017
355.005,29.6299,125.557,40.4254
433.468,92.6587,217.982,95.3885
377.09,13.9963,146.41,21.8673
368.787,33.2145,140.763,42.5158
364.186,94.2429,145.842,105.627
383.282,14.9759,153.102,22.1784
408.929,18.9883,180.664,23.4141
378.177,96.1701,160.91,105.837
409.505,103.126,194.815,108.986
402.67,18.0052,173.959,23.1094
415.366,19.997,187.543,23.7242
389.714,15.9779,160.037,22.4849
434.332,22.9929,207.731,24.6582
427.972,21.9939,200.977,24.3513
442.26,105.15,229.041,106.939
435.096,104.243,221.513,106.915
407.126,100.148,191.859,106.257
421.591,20.9815,194.184,24.0326
392.324,98.1805,176.083,106.111
440.372,23.9485,214.133,24.956
456.254,107.179,243.734,107.245
449.253,106.158,236.391,107.086
396.407,16.9941,167.232,22.7762
465.879,27.9632,241.021,26.1855
404.696,50.34,181.298,55.8506
371.229,95.1659,153.428,105.684
393.566,57.8612,170.865,64.8322
463.323,108.165,251.124,107.36
453.287,25.9687,227.774,25.5671
470.341,109.178,258.448,107.508
459.707,26.9747,234.534,25.8717
408.296,43.293,183.921,48.2524
371.217,35.6036,143.722,44.6847
472.132,28.9449,247.577,26.4828
372.126,35.4897,144.665,44.4627
412.7,90.6143,196.127,95.8727
407.578,84.3108,189.78,90.0933
477.327,110.377,265.752,107.846
440.116,30.3,214.884,31.4239
442.861,34.1976,218.341,35.0649
447.004,24.9642,221.142,25.2482
363.204,82.1562,142.834,93.3652
362.273,83.0637,141.996,94.411
401.773,107.557,187.471,114.468
363.644,23.5131,133.731,33.1492
426.802,94.93,211.453,98.5114
375.531,40.2361,149.034,48.9311
346.465,35.7196,117.462,47.6818
364.362,83.6434,144.301,94.7456
413.387,93.8585,197.363,99.0843
336.762,91.6914,116.297,106.475
329.699,90.6895,108.587,106.339
322.636,89.7251,100.863,106.242
379.929,104.718,164.139,114.348
387.015,105.713,171.738,114.462
436.984,112.738,224.816,115.273
372.934,103.726,156.617,114.224
402.53,83.7126,184.418,90.1036
406.704,88.3939,189.527,94.3547
365.923,102.725,149.058,114.093
394.073,106.701,179.29,114.573
344.006,80.7206,122.22,94.2785
411.143,88.972,194.243,94.3954
389.932,26.0483,161.899,32.7576
380.132,45.0668,154.671,53.3399
458.006,115.747,246.887,115.663
465.033,116.715,254.224,115.755
445.023,87.7907,229.119,89.0501
450.917,114.735,239.463,115.535
346.167,29.3133,116.093,41.1206
443.949,113.747,232.148,115.415
400.515,81.2359,181.914,87.8282
334.974,100.007,115.754,115.261
389.515,22.2508,160.844,28.9221
328.679,99.0674,108.874,115.102
400.284,110.868,186.451,118.027
337.644,74.4822,114.413,88.6498
559.885,53.6548,339.836,41.4519
556.878,41.6066,334.986,29.8117
572.721,44.016,351.061,30.4657
561.272,61.9653,342.496,49.5492
484.911,113.334,273.922,109.874
551.095,104.502,338.974,92.9718
546.211,112.894,335.42,101.898
545.902,60.726,327.026,50.0556
546.007,60.1992,327.049,49.5194
543.635,111.454,332.634,100.78
549.597,59.3998,330.5,48.318
570.704,66.6354,352.553,53.1149
541.952,109.684,330.684,99.2251
572.145,73.9616,355.105,60.2106
620.169,70.4801,401.631,51.3347
496.619,51.5108,276.064,46.437
608.862,69.1307,390.41,51.2755
485.227,49.7506,264.221,45.9639
493.511,43.8481,271.706,39.0947
622.626,72.3406,404.301,52.8878
575.725,76.2223,358.986,62.0394
569.497,74.9465,352.641,61.4899
499.029,53.4047,278.802,48.0632
532.136,68.695,314.517,59.5673
616.868,62.4572,397.198,43.8116
624.865,74.6353,406.824,54.8906
565.715,34.6372,342.679,21.9229
617.064,63.5052,397.549,44.821
501.73,54.6559,281.732,49.0104
502.286,55.5016,282.427,49.795
625.946,74.89,407.912,55.0191
590.589,54.3477,370.258,38.7261
535.043,118.172,325.115,108.513
589.504,57.2802,369.641,41.7451
505.462,114.205,294.837,108.201
506.1,60.1541,287.011,54.0215
498.246,42.8261,276.346,37.5367
484.904,30.9647,260.928,27.1029
490.914,31.9315,267.192,27.4101
528.064,117.144,317.984,108.348
566.085,33.6785,342.898,20.9308
498.386,113.203,287.542,108.073
492.935,101.919,280.258,97.4364
512.471,115.196,302.046,108.326
510.301,65.033,292.014,58.4241
522.433,36.885,299.824,28.8948
516.571,35.9397,293.777,28.5959
535.209,38.9189,312.957,29.5181
497.489,32.9397,274.024,27.6959
593.413,78.2201,376.687,61.9892
510.51,34.963,287.513,28.2867
541.086,39.8712,318.982,29.8206
507.663,54.9087,287.766,48.5882
493.565,38.6979,270.95,33.9152
617.159,58.5273,396.884,39.9124
503.259,33.8636,280.013,27.9854
496.22,101.795,283.562,96.9115
585.962,46.9751,364.577,31.945
499.905,98.4566,286.763,93.1192
529.173,37.9183,306.753,29.1844
605.595,50.0181,384.302,32.8005
630.462,53.9751,409.119,33.977
617.649,51.946,396.359,33.3817
611.252,50.9604,389.972,33.1106
588.583,59.4995,369.077,44.0414
735.105,80.9369,512.89,48.7772
666.642,79.5969,447.85,55.0591
682.527,81.7572,463.345,55.3891
735.021,81.3237,512.868,49.1597
737.62,88.75,516.396,56.0382
684.638,83.6585,465.639,57.003
685.781,83.9754,466.774,57.1834
664.131,80.8686,445.636,56.5814
664.431,79.3953,445.702,55.1097
663.206,80.4789,444.691,56.3048
726.317,86.9955,505.541,55.597
740.001,90.7203,518.913,57.6742
677.591,73.235,457.363,47.6396
689.876,88.9054,471.403,61.5169
738.145,80.1025,515.613,47.6391
658.614,84.1363,440.836,60.3926
743.774,92.8903,522.758,59.3465
742.963,91.3883,521.779,57.9894
695.964,93.8877,477.924,65.6695
690.734,72.9373,469.836,45.9011
692.249,70.3933,470.897,43.2619
747.132,97.871,526.623,63.7692
741.078,78.3253,518.095,45.6046
718.532,93.5873,499.197,62.8378
684.549,68.3925,463.273,42.1592
740.739,77.992,517.729,45.3201
748.593,93.4041,527.329,59.306
760.589,80.182,536.555,45.2685
764.081,84.3003,540.401,48.8458
715.909,77.0018,494.27,47.0788
713.164,76.3825,491.589,46.7802
691.47,70.2602,470.136,43.2177
758.315,70.0455,532.955,35.7665
732.354,66.012,508.109,34.6649
770.649,71.9974,544.693,36.3206
672.527,106.451,457.503,80.566
719.825,63.9927,496.032,34.0596
730.932,62.0346,506.187,30.9745
707.424,62.0221,484.035,33.4853
662.2,58.9581,440.491,35.3991
679.758,53.9837,456.549,28.6469
743.14,63.9108,517.901,31.4811
681.708,58.0357,459.016,32.3845
692.649,55.9722,469.125,29.1984
718.005,59.9928,493.725,30.3823
666.59,51.9262,443.645,28.0556
704.866,57.9312,481.006,29.7913
756.214,66.019,530.409,32.1169
664.273,67.4453,443.755,43.4617
710.038,71.9821,487.985,42.8588
656.216,57.9854,434.596,35.0996
777.969,86.656,553.605,49.5913
745.74,67.9296,520.922,35.0777
681.604,61.9908,459.509,36.2478
655.73,53.9914,433.527,31.2461
693.994,59.9164,470.992,32.8884
686.986,62.8966,464.772,36.5452
668.504,59.9239,446.68,35.6564
750.793,60.6964,524.576,27.5685
713.051,54.7093,488.267,25.7923
748.433,88.3796,526.442,54.4861
662.71,46.69,439.135,23.3563
687.894,50.6839,463.812,24.5625
700.536,52.6962,476.124,25.1714
763.36,62.6958,536.569,28.1606
738.142,58.6879,512.454,26.9739
675.608,48.7129,451.795,23.9532
650.919,57.0787,429.361,34.7894
725.518,56.7138,500.313,26.4072
694.536,84.0303,475.101,56.2588
648.08,76.8372,429.607,54.4412
643.639,76.1449,425.221,54.2615
650.015,73.0451,430.899,50.5142
231.482,188.694,18.2913,221.518
262.486,196.255,53.5255,224.784
264.77,195.409,55.8717,223.566
288.036,168.164,76.5802,191.95
286.505,166.503,74.6484,190.448
270.794,186.85,60.6254,213.805
289.625,152.323,75.6688,175.33
287.385,154.565,73.6178,177.964
290.963,149.076,76.5767,171.783
289.531,150.114,75.2003,173.057
280.162,228.691,78.1138,255.727
281.807,226.379,79.5086,253.085
237.263,184.171,23.5349,215.948
282.239,224.143,79.6044,250.707
288.235,170.376,77.1625,194.21
289.763,170.732,78.8732,194.361
283.407,223.185,80.7077,249.539
294.752,144.667,79.9395,166.696
244.339,191.537,32.9002,222.572
287.388,218.882,84.293,244.489
259.39,129.903,38.7606,156.232
292.411,214.27,88.9458,238.969
258.115,187.169,47.0606,215.994
291.816,183.612,83.2261,207.385
225.888,183.091,10.9221,216.5
264.411,131.655,44.5423,157.368
287.267,213.357,83.2466,238.798
282.294,159.621,68.9443,183.917
264.453,132.823,44.7836,158.578
240.828,184.888,27.6769,216.168
269.099,213.688,63.2573,241.889
237.215,176.583,22.1807,208.038
269.292,203.661,61.7956,231.464
234.801,212.572,25.965,245.931
253.222,187.605,41.9672,217.164
274.625,233.868,72.9811,261.935
231.347,237.06,26.2895,271.995
258.951,227.484,54.8909,257.737
252.659,178.324,39.4195,207.596
270.515,215.756,65.1399,243.818
249.705,226.881,44.7018,258.537
279.889,161.233,66.6048,185.927
265.647,178.114,53.9389,205.482
220.233,183.395,4.97961,217.651
232.624,219.989,24.8201,253.999
241.121,135.567,19.6909,164.659
276.547,155.628,61.673,180.59
253.664,187.499,42.4327,216.989
247.003,148.86,28.3933,177.709
260.756,213.146,54.4622,242.579
229.865,146.638,9.14853,177.807
271.083,209.863,64.775,237.625
223.488,199.732,11.338,234.247
271.103,131.031,52.0187,155.804
225.221,167.375,7.52206,200.164
234.035,223.716,26.9984,257.666
232.191,198.18,20.6708,231.314
252.741,143.52,33.9653,171.336
278.011,143.642,61.2662,167.949
231.07,167.221,14.2158,199.15
273.698,216.139,69.0276,243.722
226.924,167.703,9.45895,200.259
228.869,166.869,11.4657,199.105
245.774,145.299,26.4449,174.167
259.863,227.432,55.8756,257.542
225.92,169.788,8.70227,202.586
278.922,180.128,68.7002,205.646
257.297,230.069,53.5206,260.675
259.377,171.796,45.7629,199.829
227.049,175.706,10.828,208.611
245.12,148.814,26.3177,177.926
248.884,173.499,34.5692,203.12
240.46,175.688,25.9784,206.623
249.784,187.542,38.1953,217.606
246.253,152.37,28.1598,181.475
223.049,216.079,13.6139,251.394
242.67,205.512,33.417,237.378
248.008,152.59,30.3824,181.454
277.503,146.441,61.1807,170.924
247.025,148.651,28.3822,177.488
243.093,197.093,32.4669,228.546
228.549,166.188,10.9975,198.439
232.576,128.05,9.26544,157.984
268.516,133.239,49.5682,158.453
244.656,171.166,29.5662,201.302
244.631,157.814,27.2941,187.383
250.135,153.016,32.7864,181.597
255.951,171.298,42.2189,199.801
227.092,209.798,17.0126,244.214
255.029,168.275,40.7044,196.789
229.369,152.894,9.65756,184.42
220.037,201.286,7.78839,236.394
226.067,214.972,16.7556,249.773
257.438,213.366,50.8825,243.311
242.147,171.742,26.908,202.267
232.672,201.63,21.7814,234.842
244.157,177.239,29.9196,207.707
416.168,176.297,213.472,182.345
477.061,184.007,277.087,181.779
421.344,182.864,219.875,188.277
346.647,167.721,139.259,183.238
423.164,184.955,222.089,190.14
409.414,181.564,207.317,188.615
407.508,183.173,205.598,190.511
424.716,169.3,221.19,174.093
410.594,169.719,206.641,176.444
408.821,167.363,204.423,174.297
422.534,171.581,219.301,176.698
351.836,174.275,145.823,189.225
405.137,185.149,203.453,192.846
471.118,189.622,271.939,188.222
472.149,177.627,271.095,176.046
406.839,164.944,201.977,172.113
427.102,167.279,223.33,171.725
341.379,161.116,132.589,177.198
334.146,234.596,136.925,253.581
340.205,173.865,133.428,190.44
352.915,162.572,145.057,177.094
404.497,186.367,202.984,194.171
426.576,188.113,226.114,192.859
427.979,166.22,224.066,170.535
345.506,235.689,149.138,252.982
405.781,164.342,200.781,171.646
339.164,158.842,129.863,175.171
354.355,176.183,148.798,190.824
469.584,175.166,268.1,173.923
355.671,160.744,147.674,174.842
331.487,232.137,133.699,251.464
336.996,156.151,127.117,172.708
334.384,176.367,127.649,193.829
356.721,178.835,151.729,193.204
356.041,158.584,147.713,172.58
334.674,177.035,128.067,194.473
466.425,172.339,264.439,171.51
335.796,155.346,125.708,172.046
436.619,156.81,231.467,159.864
420.097,137.783,211.372,142.8
399.888,151.426,192.571,159.325
439.172,159.323,234.493,162.061
437.584,199.833,239.307,203.151
452.171,198.476,254.034,199.74
370.121,152.599,161.59,164.538
410.354,211.672,213.117,218.985
414.205,212.095,217.171,218.859
446.645,186.7,246.513,188.653
365.324,146.263,155.508,158.713
438.628,185.708,238.133,188.76
444.089,178.318,242.562,180.557
460.1,180.279,259.248,180.346
468.129,181.878,267.679,180.859
452.087,179.312,250.911,180.466
375.581,177.748,171.405,189.448
454.586,187.752,254.803,188.617
361.032,194.09,158.757,208.183
542.108,192.151,343.609,181.095
601.609,199.887,403.26,180.763
554.114,128.701,345.709,116.619
533.361,199.174,336.005,189.247
540.455,128.7,332.142,118.314
549.141,200.945,351.937,188.859
547.302,198.761,349.779,186.945
550.628,185.234,350.984,173.1
542.456,127.435,333.937,116.808
534.709,183.262,334.88,173.265
538.09,130.155,330.013,120.055
548.428,187.536,349.161,175.673
555.605,130.578,347.476,118.296
531.017,201.097,333.97,191.476
553.035,183.192,353.051,170.757
596.095,193.352,396.894,175.075
532.728,180.852,332.535,171.135
595.206,205.642,397.9,187.273
607.529,194.656,408.219,174.843
482.584,190.528,283.707,187.558
530.339,202.249,333.474,192.712
552.349,204.031,355.585,191.478
553.988,182.1,353.825,169.55
485.011,192.899,286.535,189.598
531.701,179.838,331.355,170.264
593.556,190.965,394.054,173.064
608.598,208.459,411.353,188.24
608.632,130.519,399.539,111.712
589.359,208.258,392.595,190.633
558.744,177.146,357.761,164.019
558.083,133.74,350.418,121.122
599.009,165.971,395.562,147.773
555.109,145.962,349.36,133.608
611.961,190.061,411.824,169.753
590.455,188.019,390.576,170.575
612.116,211.778,415.269,191.021
610.635,167.158,407.058,147.454
613.774,136.921,405.514,117.373
563.031,172.293,361.245,158.657
565.802,172.848,364.063,158.844
603.109,123.672,393.113,105.648
602.028,135.47,393.857,117.39
557.039,146.471,351.348,133.868
556.864,148.564,351.498,135.963
525.896,167.285,323.615,158.549
563.38,141.629,356.87,128.273
615.673,138.948,407.666,119.13
553.736,159.699,350.12,147.396
517.187,207.313,321.138,199.554
555.314,163.12,352.21,150.581
614.559,124.849,404.442,105.42
555.166,164.685,352.305,152.15
553.254,162.648,350.098,150.38
616.312,216.384,420.03,194.967
559.093,144.91,353.139,132.062
579.261,170.397,376.921,154.675
616.428,183.17,415.109,162.413
556.546,163.464,353.481,150.762
611.517,170.688,408.451,150.805
586.088,215.729,390.54,198.427
595.19,166.459,391.91,148.743
585.852,174.997,384.085,158.355
584.193,175.337,382.513,158.905
595.229,171.13,392.661,153.334
576.146,214.213,380.577,198.29
618.515,140.28,410.627,120.087
612.907,173.725,410.262,153.607
594.31,171.621,391.839,153.935
593.435,169.975,390.733,152.428
500.141,121.758,290.655,116.418
507.125,122.772,297.853,116.56
615.938,171.322,412.837,150.861
529.804,125.777,321.066,116.731
514.193,123.75,305.113,116.655
521.235,127.937,312.829,119.953
612.939,153.765,407.262,134.015
515.975,187.289,316.808,179.784
587.001,196.282,388.462,179.165
597.241,153.729,391.971,135.954
781.034,179.312,569.913,137.895
664.961,171.415,460.01,144.721
781.129,189.191,571.435,147.318
769.084,229.182,566.164,187.051
769.928,213.21,564.618,171.678
771.109,215.572,566.049,173.784
719.555,214.914,518.079,179.829
661.687,207.244,462.25,179.994
653.006,214.204,455.001,187.916
654.416,212.644,456.116,186.209
660.762,208.465,461.551,181.303
667.292,214.031,468.607,185.849
668.717,215.964,470.252,187.537
655.185,200.697,455.059,174.478
768.168,210.806,562.646,169.605
670.169,200.424,469.312,172.254
653.981,198.442,453.569,172.44
668.295,202.703,467.869,174.713
666.95,155.526,459.529,129.011
768.476,209.295,562.709,168.121
724.261,221.279,523.419,185.341
650.545,216.228,452.951,190.215
713.912,208.116,511.788,174.011
672.775,198.352,471.482,169.903
652.17,196.057,451.478,170.353
670.903,218.452,472.703,189.662
725.28,209.692,522.666,174.056
712.957,220.391,512.704,185.972
764.861,203.277,558.497,162.825
672.057,218.872,473.863,189.916
673.857,197.361,472.363,168.8
710.107,221.319,510.167,187.242
711.401,205.909,509.105,172.207
775.948,162.217,562.746,122.172
783.337,169.615,570.622,128.351
776.969,146.061,561.336,106.595
726.182,147.084,514.285,113.619
658.211,174.075,453.96,148.164
729.201,225.84,528.703,189.079
773.954,189.415,564.865,148.424
707.398,223.168,507.896,189.384
776.915,143.84,560.962,104.476
775.307,143.579,559.442,104.415
678.808,192.487,476.339,163.43
775.274,143.084,559.339,103.945
709.291,203.251,506.73,169.915
776.439,222.262,571.926,179.487
729.904,226.574,529.466,189.692
677.213,132.001,465.794,104.878
668.825,138.3,458.739,112.015
676.03,147.837,467.034,120.417
670.226,143.504,460.855,116.91
660.029,145.82,451.46,120.409
661.052,129.737,450.025,104.608
772.135,192.458,563.632,151.56
708.313,202.847,505.751,169.651
674.29,145.826,465.076,118.674
668.758,138.654,458.728,112.367
662.265,131.706,451.482,106.382
661.651,144.571,452.824,118.994
656.529,176.768,452.755,151.001
719.777,152.624,509.096,119.736
671.734,175.889,467.136,148.216
730.95,153.913,519.754,119.628
679.724,129.931,467.875,102.566
720.759,140.207,508.184,107.631
770.036,194.373,561.976,153.654
732.166,141.78,519.105,107.79
672.953,178.95,468.754,151.036
779.155,215.556,573.448,172.736
659.111,127.235,447.791,102.401
716.799,181.941,510.631,148.394
733.435,155.813,522.357,121.157
654.077,178.724,450.702,153.219
718.427,138.062,505.677,105.838
658.578,238.243,463.925,210.546
690.435,190.957,487.13,160.453
728.261,183.344,521.573,148.308
674.943,181.533,471.033,153.292
699.231,178.553,493.598,147.33
734.78,199.06,529.971,162.606
737.237,199.152,532.274,162.382
653.046,180.251,449.944,154.839
778.995,226.573,574.9,183.27
716.252,135.323,503.228,103.45
715.116,184.802,509.474,151.366
729.142,186.633,522.881,151.364
675.621,182.49,471.82,154.135
715.165,134.774,502.124,103.048
657.249,162.139,451.248,136.656
736.737,137.275,522.714,102.909
689.569,209.399,489.052,178.423
777.665,234.534,574.834,191.038
678.725,159.057,471.273,130.988
713.038,187.162,507.872,153.906
730.425,186.464,524.055,151.04
683.016,158.475,475.263,129.893
780.706,205.204,573.371,162.658
687.629,161.1,480.031,131.87
712.299,187.858,507.281,154.672
769.346,238.159,567.711,195.593
700.675,218.716,500.913,185.973
695.37,205.282,493.92,173.682
745.132,216.426,542.15,177.955
730.596,169.833,521.767,135.006
299.542,344.583,118.101,371.983
301.139,354.823,121.49,382.216
194.31,334.231,1.81494,379.611
262.386,252.919,62.8732,283.578
306.776,338.089,124.758,364.079
274.697,297.9,83.693,328.114
273.273,299.52,82.4233,330.023
275.418,295.893,84.1389,325.922
241.273,334.952,53.583,372.129
219.369,280.531,20.4309,319.253
247.434,260.382,47.8302,293.705
192.346,352.565,2.74548,399.124
312.563,309.995,126.317,334.293
237.224,337.353,49.5651,375.326
215.774,355.529,29.1106,398.008
216.095,263.467,13.9409,301.984
206.791,259.296,2.94846,299.139
265.903,317.17,77.0151,349.516
201.439,331.297,9.21259,375.29
267.021,319.692,79.0122,351.909
254.659,303.955,62.9842,337.715
208.92,264.72,6.22345,304.464
265.049,341.918,80.3598,375.22
254.255,303.749,62.5105,337.57
265.002,339.8,79.9571,373.041
253.964,298.349,61.293,332.024
300.0,297.584,110.855,323.618
270.298,326.315,83.655,358.19
200.882,292.005,1.94296,334.326
271.024,319.85,83.3667,351.393
219.827,260.469,17.5519,298.249
233.113,251.983,30.7398,287.263
212.197,337.328,22.107,379.688
200.005,339.332,8.98593,383.933
271.944,320.641,84.4918,352.053
258.868,284.846,64.3728,317.223
253.475,283.333,58.2544,316.541
238.149,266.965,38.7786,302.046
204.226,337.273,13.304,381.037
204.183,333.604,12.6364,377.216
204.84,338.686,14.221,382.403
203.631,266.048,0.591095,306.718
228.643,303.044,34.4167,341.151
231.995,272.817,33.0148,309.137
219.445,250.288,15.4124,287.684
227.252,302.575,32.8113,340.898
239.982,296.352,45.7116,332.288
245.258,281.773,49.0345,316.273
255.174,283.284,60.0955,316.211
234.01,251.728,31.6816,286.855
239.265,355.981,54.9097,394.286
208.853,301.122,12.3055,342.503
209.453,300.266,12.8236,341.507
256.857,257.97,57.7016,289.693
235.137,348.788,49.2001,387.558
215.732,338.268,26.1576,380.045
307.82,347.07,127.345,373.109
236.881,348.333,51.0287,386.778
227.671,279.552,29.3997,316.86
230.835,290.183,34.6603,327.402
210.298,300.626,13.8177,341.739
292.446,332.708,108.549,360.998
296.008,330.315,111.971,357.931
239.193,354.498,54.5832,392.762
246.559,298.033,53.1745,332.933
235.905,242.139,31.7707,276.583
239.446,299.54,45.6598,335.689
239.982,295.878,45.6322,331.795
234.963,346.43,48.6151,385.142
230.415,272.504,31.228,309.07
311.951,275.093,119.758,298.581
209.7,337.985,19.4658,380.813
226.172,335.986,37.2409,375.838
291.816,339.504,108.994,368.093
251.868,311.236,61.1633,345.728
251.257,338.632,65.0691,374.205
219.615,337.894,30.3643,378.973
313.52,348.496,133.647,373.589
298.071,306.593,110.273,333.199
215.332,344.547,26.7752,386.654
260.878,271.599,64.3486,303.174
206.85,248.936,1.25897,288.293
268.842,279.514,74.3062,310.075
256.567,260.965,57.886,292.846
192.729,335.809,0.329224,381.54
311.676,319.121,126.513,343.822
226.183,347.705,39.221,388.017
201.667,287.388,2.03058,329.366
262.386,288.677,68.4613,320.632
226.405,240.733,21.0897,276.62
239.952,248.922,37.3482,283.003
259.934,288.58,66.1533,320.915
325.447,265.361,132.717,286.451
363.07,291.89,176.76,307.585
380.084,330.892,200.828,344.43
376.268,301.503,192.085,315.245
343.455,338.392,163.686,358.168
408.85,248.591,217.472,256.568
360.993,314.148,178.185,330.568
339.552,241.05,143.712,259.369
469.953,255.365,281.112,254.276
342.505,311.93,158.382,331.337
359.471,315.985,176.886,332.686
390.452,306.889,207.749,318.425
400.42,255.825,209.899,265.16
416.066,257.039,226.277,264.02
352.976,298.954,167.304,316.4
415.414,243.729,223.478,250.671
403.631,241.942,211.002,250.619
394.61,310.064,212.573,320.97
410.51,311.32,229.213,319.684
330.443,299.372,143.127,320.503
336.854,287.156,148.053,306.967
412.928,309.321,231.387,317.28
350.89,322.33,168.558,340.58
457.943,317.753,278.755,318.578
401.788,317.243,221.154,327.07
464.911,248.969,274.99,248.614
398.111,257.476,207.768,267.183
463.842,260.663,275.747,260.491
475.207,261.961,287.468,260.096
418.188,259.45,228.85,266.134
413.942,308.6,232.317,316.391
476.455,250.528,286.934,248.476
469.878,318.55,290.967,317.482
339.705,309.32,155.002,329.132
353.062,327.187,171.974,345.145
462.875,323.215,284.615,323.258
419.184,260.355,230.021,266.896
392.24,329.873,212.957,341.416
397.289,258.908,207.145,268.759
348.741,330.712,168.003,349.454
455.212,316.134,275.727,317.391
461.123,262.198,273.227,262.436
344.733,247.021,150.168,264.686
462.423,246.812,272.122,246.818
343.908,286.672,155.753,305.327
334.441,311.296,149.65,332.021
428.933,302.652,246.776,308.017
383.097,309.489,200.521,322.244
430.878,296.178,247.741,301.197
373.245,292.778,187.554,306.866
420.193,309.566,238.903,316.367
339.341,309.41,154.632,329.284
332.942,295.357,145.574,315.966
453.198,313.393,273.248,314.964
334.819,294.22,147.375,314.5
334.028,350.364,155.69,371.98
394.549,329.924,215.358,341.088
336.391,252.837,142.026,271.928
370.4,293.889,184.76,308.448
452.321,312.917,272.281,314.626
332.633,322.731,149.362,344.021
324.047,290.827,135.397,312.768
340.61,317.471,157.284,337.304
332.925,261.89,140.053,281.725
344.725,330.407,163.727,349.815
367.923,324.571,186.783,340.046
362.75,336.277,183.422,352.789
363.261,337.667,184.181,354.116
363.067,332.162,183.088,348.554
334.932,342.183,155.312,363.476
397.848,332.023,219.444,342.646
338.537,317.575,155.113,337.752
338.927,255.866,145.13,274.639
407.46,263.425,218.408,271.78
399.321,332.61,221.062,342.997
352.379,354.171,175.446,372.736
388.464,324.294,208.479,336.369
345.196,252.153,151.493,269.861
379.778,344.526,202.523,358.309
345.003,251.461,151.176,269.183
424.961,273.565,238.072,279.34
343.9,348.327,165.769,368.218
361.333,349.539,184.082,366.503
356.81,274.719,167.404,291.088
348.242,251.713,154.639,268.943
398.466,325.128,218.98,335.577
333.756,277.832,142.973,297.938
334.645,272.26,142.992,292.096
355.074,343.777,176.591,361.704
403.626,301.485,220.533,310.852
357.039,340.95,178.194,358.497
454.606,271.678,268.096,272.924
387.369,289.425,201.739,301.223
467.461,334.38,290.693,333.703
473.293,331.971,296.522,330.339
379.792,347.015,202.938,360.828
359.118,343.951,180.859,361.199
372.828,341.041,194.722,355.94
362.456,269.228,172.446,284.61
364.346,329.623,184.199,345.749
373.017,339.484,194.668,354.329
354.754,340.977,175.801,358.909
456.04,334.29,279.109,335.456
429.907,321.932,250.835,327.256
336.572,329.906,155.045,350.668
331.706,335.927,150.883,357.635
369.414,306.778,185.81,321.705
418.646,327.164,240.115,334.343
335.426,330.164,153.877,351.123
445.676,319.445,266.549,322.228
580.912,350.61,406.056,331.657
594.272,269.224,406.67,249.83
534.897,262.52,347.334,251.846
540.25,269.236,353.675,257.711
526.252,269.777,339.873,260.309
541.964,271.097,355.658,259.299
520.677,322.306,342.467,313.224
536.711,323.577,358.556,311.979
522.176,323.684,344.169,314.354
541.214,257.79,352.862,246.244
543.532,255.575,354.814,243.716
527.541,253.875,338.691,244.349
595.201,348.411,419.599,327.257
518.651,320.058,340.104,311.312
539.169,321.694,360.695,309.736
589.033,262.875,400.604,244.354
588.086,274.673,401.479,256.074
582.181,329.9,404.138,311.151
523.93,271.576,337.842,262.436
599.483,275.506,412.687,255.235
545.976,253.458,356.905,241.269
544.139,273.582,358.191,261.436
540.206,320.968,361.607,308.858
525.635,251.32,336.399,242.09
517.519,319.109,338.831,310.548
593.838,330.625,415.578,310.064
600.575,264.17,412.026,243.968
512.769,318.14,333.951,310.329
522.871,273.086,337.023,264.091
545.029,274.565,359.222,262.277
528.001,329.197,350.802,318.898
546.549,252.348,357.3,240.089
579.815,328.185,401.572,309.834
556.554,308.094,375.734,293.642
601.751,277.891,415.25,257.242
545.89,321.78,367.34,308.778
507.174,315.02,327.885,308.104
586.49,260.585,397.776,242.47
602.186,357.85,427.788,335.385
561.521,300.281,379.414,285.192
606.348,340.824,429.233,318.104
587.436,335.475,410.099,315.803
603.974,280.128,417.744,259.109
598.205,326.946,419.254,305.792
576.515,325.49,397.943,307.697
584.367,258.053,395.319,240.286
604.999,280.687,418.822,259.507
583.43,257.574,394.331,239.949
514.301,283.673,330.127,275.88
529.187,340.457,353.413,329.868
563.931,334.92,387.082,318.916
594.133,338.974,417.132,318.19
512.09,280.343,327.403,272.905
550.745,342.378,374.987,328.348
495.187,332.527,318.621,327.393
619.84,347.843,443.292,322.858
545.297,343.725,369.831,330.539
631.56,343.023,453.814,316.352
617.268,340.835,439.762,316.426
545.286,342.309,369.603,329.144
545.536,343.39,370.015,330.171
627.234,342.99,449.662,316.987
488.267,336.355,311.967,332.328
618.425,347.905,441.941,323.138
628.053,352.283,451.845,325.904
583.345,337.651,406.451,318.571
629.002,354.651,453.11,328.06
517.801,339.273,341.93,330.507
621.826,347.663,445.174,322.374
549.505,333.457,372.695,319.732
503.857,329.563,326.833,323.07
527.165,343.739,352.22,333.416
627.992,344.746,450.653,318.579
608.962,295.022,424.828,272.949
764.204,282.632,569.443,238.754
762.179,296.193,569.551,251.982
763.1,280.229,568.077,236.613
712.248,282.393,521.185,245.792
763.454,294.845,570.528,250.516
654.867,275.93,466.027,247.681
646.155,283.068,458.78,255.866
656.643,335.22,476.579,304.943
756.748,345.169,571.673,299.496
760.272,298.205,568.087,254.171
663.404,269.023,473.123,239.764
758.49,346.916,573.529,300.903
661.917,284.609,474.036,255.095
648.394,269.582,458.897,242.432
661.355,271.144,471.491,242.112
647.115,267.234,457.323,240.33
755.039,343.012,569.786,297.692
759.521,299.614,567.6,255.623
659.087,333.317,478.617,302.729
754.574,342.818,569.329,297.575
705.917,287.556,516.017,251.659
707.023,276.064,515.358,240.433
700.339,341.582,518.761,304.487
711.92,342.619,529.746,303.744
717.549,288.782,527.082,251.188
648.001,340.883,469.2,311.75
660.209,332.715,479.592,301.976
664.058,286.986,476.426,257.093
718.551,277.519,526.361,240.218
750.678,339.591,565.268,295.071
665.934,266.829,475.201,237.28
748.253,335.006,562.363,291.05
719.677,290.983,529.393,253.002
755.03,304.008,564.1,260.456
698.048,339.531,516.311,302.857
664.844,287.673,477.275,257.646
666.398,265.747,475.48,236.165
705.421,346.796,524.288,308.736
757.632,304.236,566.532,260.304
703.477,289.264,513.981,253.651
714.751,341.04,532.156,301.803
704.425,273.899,512.601,238.711
695.21,337.172,513.3,301.012
769.561,289.306,575.339,244.377
694.836,336.915,512.91,300.82
673.952,347.305,494.781,314.004
702.351,271.237,510.26,236.435
657.578,248.967,464.576,221.105
656.633,258.172,465.053,230.181
723.198,294.356,533.172,255.741
701.23,270.501,509.099,235.882
772.542,283.26,577.2,238.198
685.911,352.12,506.771,316.825
690.277,332.936,508.038,297.669
671.292,299.747,485.192,268.408
711.869,349.977,530.781,310.818
772.076,293.745,578.293,248.257
784.46,292.633,589.477,245.468
777.832,350.708,591.814,301.644
729.266,269.43,535.166,230.955
693.587,349.921,513.66,313.536
773.993,280.128,578.077,235.012
770.27,318.198,580.182,271.813
697.177,330.145,514.108,293.949
774.669,264.472,576.427,219.993
775.569,254.265,575.772,210.138
773.618,274.374,576.898,229.578
715.621,351.939,534.569,312.134
765.899,256.097,567.145,213.186
693.489,304.538,506.857,269.811
745.641,353.521,562.65,309.125
776.558,244.15,575.213,200.358
768.23,247.629,568.06,204.786
726.969,308.421,538.749,268.701
764.879,265.784,567.615,222.575
653.647,296.119,467.884,267.461
771.872,319.296,581.81,272.628
307.084,402.376,135.589,429.888
296.093,409.066,125.015,438.742
296.139,409.712,125.171,439.396
308.553,381.751,133.811,408.51
280.511,399.4,106.748,431.673
286.835,375.906,109.656,406.383
304.069,423.004,135.761,451.548
279.855,398.946,105.968,431.326
279.926,403.499,106.796,435.994
286.294,376.961,109.25,407.564
261.59,379.239,82.82,414.362
297.301,402.216,125.179,431.5
274.117,410.253,101.672,444.009
301.597,372.67,124.911,400.44
190.707,371.911,4.20779,419.636
246.079,376.703,65.7898,414.526
265.954,417.306,94.0117,452.789
286.72,400.843,113.604,432.025
304.265,419.802,135.445,448.236
271.443,423.659,100.973,458.301
275.335,451.026,109.673,485.692
286.364,405.699,114.022,437.076
306.515,420.046,137.878,448.07
190.722,368.271,3.60751,415.83
300.1,380.045,124.525,408.267
190.351,365.067,2.65314,412.55
274.794,412.515,102.773,446.21
276.671,455.528,111.849,490.058
254.424,384.189,75.725,420.785
302.06,436.526,135.839,465.757
289.392,458.049,125.872,490.196
277.012,453.488,111.878,487.898
301.434,372.012,124.629,399.794
282.22,453.978,117.537,487.401
198.289,366.472,11.6796,412.571
296.868,394.335,123.065,423.532
282.825,448.679,117.312,481.849
254.426,384.116,75.715,420.709
298.909,377.448,122.827,405.816
301.747,454.024,138.373,483.711
300.273,453.142,136.661,483.09
191.534,381.895,6.42914,429.945
261.829,451.107,95.2034,488.37
205.714,373.976,21.1444,419.04
263.009,419.461,91.2326,455.556
234.009,369.804,51.4869,409.561
264.135,427.24,93.7359,463.357
234.489,368.286,51.7569,407.9
233.034,373.572,51.053,413.645
261.651,453.716,95.4436,491.089
272.023,383.067,94.9215,416.408
312.787,409.512,142.815,436.148
233.69,372.387,51.571,412.297
187.716,420.284,8.70337,470.74
304.688,453.119,141.35,482.226
230.724,375.555,48.8615,416.121
308.581,412.184,138.786,439.649
222.713,376.097,40.1854,418.141
290.286,453.238,126.036,485.096
292.313,426.438,123.796,457.251
266.721,385.399,89.2261,419.802
310.168,463.929,132.245,494.149
311.914,414.605,142.722,441.513
248.611,462.957,82.5273,503.189
298.454,367.881,120.769,396.083
254.027,397.16,77.4525,434.256
282.681,464.011,119.362,497.638
267.015,462.311,102.358,498.924
223.911,404.775,46.309,447.694
242.407,387.582,63.2395,426.486
248.683,424.039,76.1328,463.011
240.448,399.056,63.3952,438.688
221.511,407.454,44.1318,450.924
237.326,401.303,60.3717,441.593
231.461,380.042,50.4182,420.641
214.464,380.743,31.5347,424.514
311.328,416.937,142.481,444.004
219.951,451.217,49.7635,496.617
235.879,402.233,58.9508,442.825
252.924,460.185,87.0468,499.452
336.014,425.127,169.49,447.863
369.923,415.361,203.625,431.762
372.846,405.599,205.313,421.336
343.044,380.231,169.863,400.875
413.024,386.805,243.831,395.323
340.562,381.855,167.7,402.949
369.166,417.531,203.186,434.095
342.872,380.609,169.744,401.29
413.282,384.095,243.665,392.552
455.903,383.086,286.971,384.255
460.273,387.874,292.145,388.295
341.343,417.172,174.252,438.75
405.22,379.767,234.684,389.582
329.614,383.949,156.497,407.017
436.252,408.056,270.954,412.62
363.998,403.961,195.833,421.254
470.328,434.903,301.368,434.262
363.896,410.778,196.607,428.203
439.422,380.375,269.808,384.343
352.615,406.298,184.314,425.662
409.449,419.802,245.411,429.14
397.034,383.964,226.912,395.226
326.515,405.48,156.73,429.533
421.421,379.872,251.342,386.909
410.852,408.585,245.067,417.611
409.179,427.663,246.384,437.093
351.096,409.861,183.078,429.575
327.783,408.268,158.523,432.147
327.43,410.697,158.546,434.687
410.3,405.436,243.999,414.541
411.249,401.202,244.299,410.115
354.787,399.735,185.526,418.61
332.529,400.516,162.27,423.388
389.222,367.346,216.172,379.789
405.334,394.83,237.203,404.736
359.866,435.551,196.396,454.041
433.149,388.787,264.744,393.847
357.356,435.568,193.779,454.52
372.476,387.709,201.871,403.304
343.892,433.016,179.273,454.412
418.538,409.202,253.046,416.877
357.049,434.914,193.353,453.914
340.871,399.62,170.909,420.979
417.493,421.631,253.949,429.545
392.707,426.705,229.275,439.094
352.581,421.987,186.594,441.618
417.608,420.41,253.873,428.298
371.417,383.902,200.155,399.633
426.542,447.319,251.914,455.321
424.775,392.661,256.805,399.178
377.471,394.414,207.987,409.229
400.675,427.267,237.579,438.224
391.723,376.289,220.194,388.396
332.002,370.47,156.824,392.846
398.361,389.57,229.177,400.65
434.052,372.968,263.162,377.828
378.772,433.025,215.536,448.034
456.54,423.591,293.982,424.589
379.254,404.734,211.496,419.352
456.814,408.592,291.903,409.572
371.053,381.821,199.441,397.588
358.121,406.915,190.173,425.301
437.05,384.991,268.121,389.373
460.067,388.904,292.099,389.358
456.024,428.082,294.165,429.161
448.083,389.745,280.091,392.245
327.146,443.031,163.448,467.696
400.08,432.819,237.656,443.941
389.476,376.727,217.938,389.225
375.06,439.155,212.669,454.908
459.213,400.475,293.053,401.055
326.895,440.854,162.89,465.519
457.065,423.524,294.502,424.43
458.2,375.125,288.045,375.913
352.57,421.675,186.532,441.303
401.12,424.702,237.628,435.561
346.992,439.818,183.624,460.747
364.262,393.068,194.012,410.194
404.142,413.367,238.931,423.61
437.149,420.418,273.819,424.84
389.916,396.878,221.621,409.5
456.63,426.254,294.491,427.23
449.252,375.486,279.031,377.782
425.209,429.677,263.114,436.24
456.909,373.052,286.412,374.059
443.923,430.877,282.351,434.1
432.586,373.355,261.727,378.464
342.317,430.82,177.411,452.455
418.445,372.213,247.075,379.716
347.648,425.902,182.06,446.494
448.194,422.73,285.399,425.201
408.626,370.288,236.679,379.449
444.333,408.369,279.22,411.522
360.844,390.619,190.206,408.299
400.047,432.715,237.629,443.839
469.271,461.148,292.794,461.927
462.13,406.239,296.905,406.303
463.644,408.921,298.853,408.715
361.554,391.129,191.031,408.691
462.288,408.264,297.382,408.295
381.427,405.983,213.951,420.229
352.219,437.312,188.691,457.236
456.122,372.082,285.462,373.221
449.808,375.052,279.527,377.254
447.336,418.053,283.793,420.679
435.191,436.115,273.984,440.933
342.92,369.017,168.097,389.463
425.467,393.34,257.62,399.74
452.066,372.183,281.366,374.003
390.429,468.684,211.144,484.407
395.179,370.875,222.902,382.336
356.801,419.509,190.607,438.336
388.432,424.94,224.577,438.085
458.323,467.445,273.905,471.246
416.975,435.26,255.256,443.354
416.902,370.024,245.143,377.777
392.179,412.802,226.508,425.169
329.978,369.263,154.489,391.968
377.172,362.896,202.766,377.359
361.529,366.134,186.969,383.326
353.128,399.208,183.362,418.402
394.378,387.808,224.783,399.565
435.925,424.217,273.174,428.86
386.585,412.397,220.659,425.758
328.648,428.235,162.467,452.361
381.556,432.347,218.313,446.842
425.61,454.794,251.198,463.125
447.122,399.111,280.592,401.778
447.036,395.081,279.87,397.762
428.269,429.862,266.266,435.878
454.48,455.974,279.1,459.209
414.816,472.05,228.378,484.211
357.455,440.8,194.726,459.805
437.918,424.782,275.29,429.072
448.849,393.115,281.4,395.484
471.12,471.649,294.603,472.3
336.27,396.158,165.157,418.309
421.904,418.42,257.954,425.537
451.284,436.527,290.53,438.448
407.642,443.063,231.299,454.538
422.199,416.908,258.015,423.967
454.756,456.626,279.319,459.831
365.289,434.893,201.943,452.378
386.669,475.281,206.937,491.979
385.929,378.639,214.234,391.798
449.068,395.046,281.926,397.378
388.768,423.623,224.714,436.696
393.844,422.327,229.749,434.476
422.118,391.098,253.838,398.068
333.912,371.008,158.928,393.061
401.143,409.545,235.234,420.294
352.925,364.836,177.746,383.49
579.612,469.695,399.202,451.036
532.559,385.477,363.993,373.774
487.795,381.145,318.794,376.944
498.686,383.669,330.035,377.631
580.068,382.95,409.987,363.496
582.409,433.037,420.039,412.101
497.488,385.612,329.141,379.76
541.825,384.565,372.988,371.341
544.929,386.856,376.349,373.089
498.105,405.723,332.883,399.607
577.866,388.099,408.759,368.889
505.222,390.826,337.665,383.632
578.779,405.247,412.05,385.549
533.247,380.965,363.978,369.207
618.458,364.961,444.543,339.751
598.822,394.385,430.066,371.602
600.068,395.999,431.513,372.973
626.405,450.863,465.067,421.949
591.214,388.407,421.801,367.005
627.484,450.87,466.098,421.772
519.329,375.753,349.095,366.378
505.652,376.105,335.548,368.988
556.171,379.157,385.954,363.683
621.673,436.092,458.325,408.414
599.836,402.778,432.314,379.627
627.069,431.449,462.79,402.998
600.419,402.069,432.77,378.839
556.755,388.453,388.2,372.707
567.183,396.989,399.7,379.365
513.579,389.922,345.837,381.334
569.608,397.227,402.101,379.196
588.889,414.783,423.549,393.167
593.191,406.235,426.417,384.1
589.894,407.457,423.411,385.841
507.775,377.531,338.191,370.026
550.272,388.94,381.918,374.257
529.851,394.004,362.587,382.644
612.896,410.593,446.072,385.086
587.171,427.281,423.78,405.666
626.47,402.645,457.895,375.124
625.559,389.349,455.025,362.35
636.427,412.958,468.953,383.502
611.575,422.792,446.641,397.18
529.8,398.344,363.205,386.936
502.515,440.298,329.907,434.397
613.704,429.548,449.703,403.397
612.081,423.751,447.271,398.029
581.632,396.946,413.514,376.954
582.165,398.22,414.225,378.113
611.189,424.203,446.482,398.618
628.901,408.817,461.146,380.721
504.266,410.217,339.721,403.006
614.596,419.987,449.12,393.946
618.394,395.853,449.133,369.838
528.391,397.586,361.697,386.424
506.774,448.406,328.942,442.381
571.553,396.166,403.836,377.834
514.074,383.276,345.346,374.669
615.731,430.97,451.862,404.439
581.195,393.57,412.576,373.721
559.653,400.188,392.831,383.756
547.976,399.832,381.334,385.356
516.883,382.922,348.035,373.855
581.027,390.947,412.014,371.18
502.453,440.402,329.868,434.511
629.86,399.002,460.591,371.032
620.214,373.837,447.566,348.116
554.443,405.863,388.6,390.203
555.063,398.576,388.092,382.937
511.475,446.272,334.265,439.32
618.046,418.757,452.245,392.175
565.523,420.782,401.709,402.979
627.888,407.084,459.918,379.204
633.453,362.812,458.597,335.298
619.47,377.732,447.439,352.027
564.88,411.971,399.738,394.446
543.062,475.069,364.25,462.888
620.367,376.946,448.181,351.118
547.918,463.358,367.943,450.334
550.366,461.924,370.259,448.463
621.472,377.678,449.352,351.654
513.254,392.609,345.93,384.048
590.179,401.962,422.854,380.424
612.393,437.857,449.695,411.701
504.975,396.597,338.314,389.392
618.49,382.694,447.244,357.014
542.651,405.91,377.034,392.232
614.272,390.82,444.416,365.608
620.55,384.037,449.424,357.99
578.585,410.794,412.677,391.014
534.179,403.007,368.245,390.799
605.289,440.214,443.223,415.202
529.063,407.332,363.863,395.929
533.796,394.594,366.573,382.566
600.276,401.237,432.506,378.05
526.399,437.883,350.4,428.086
608.31,393.943,439.15,369.621
613.531,440.877,451.242,414.444
611.064,445.07,449.505,418.943
514.952,388.013,346.905,379.215
568.335,466.19,387.922,449.553
520.128,373.482,349.536,363.999
557.939,420.624,394.279,404.111
506.047,403.754,340.491,396.301
491.195,394.062,324.165,389.21
587.732,402.901,420.626,381.747
518.789,407.1,353.663,397.444
496.045,372.123,325.338,366.629
545.097,447.684,367.697,434.788
523.583,433.149,348.306,423.74
588.752,398.228,420.906,377.01
655.33,376.208,481.447,344.847
656.284,376.534,482.401,345.012
655.383,377.272,481.656,345.868
762.19,454.423,592.511,402.625
692.353,473.668,530.757,432.687
694.525,472.543,532.62,431.237
649.72,375.857,476.064,345.394
700.018,455.531,535.244,413.995
744.808,383.977,566.319,338.33
699.69,455.612,534.95,414.127
655.305,459.897,493.887,425.757
695.023,365.679,517.335,328.487
657.081,447.039,493.655,413.041
718.281,420.821,547.149,377.737
693.7,365.863,516.121,328.868
744.821,395.4,567.994,349.228
684.051,475.015,523.188,435.4
744.878,396.386,568.191,350.16
696.369,365.601,518.585,328.204
655.433,460.121,494.042,425.952
642.283,367.956,467.801,338.906
724.838,445.167,556.791,399.951
712.357,438.752,544.272,395.869
713.016,437.085,544.64,394.164
705.953,443.243,538.971,401.227
658.579,435.242,493.318,401.398
743.846,472.0,578.238,422.38
705.593,372.552,528.242,333.46
699.928,365.139,521.851,327.211
686.656,407.141,515.609,369.707
674.532,424.391,506.763,388.291
672.003,423.288,504.217,387.643
759.23,439.344,587.619,388.781
686.771,407.096,515.71,369.645
765.071,386.481,585.312,337.589
764.325,387.441,584.767,338.617
657.245,422.655,490.182,389.46
714.261,434.134,545.365,391.135
763.243,386.243,583.602,337.644
673.59,398.317,502.011,363.305
752.143,436.943,580.77,387.646
752.056,400.788,575.44,353.232
702.098,426.309,532.888,385.623
713.877,427.274,544.002,384.629
755.834,449.487,585.976,398.977
727.411,406.814,553.569,362.874
736.196,433.264,565.554,386.728
663.702,440.293,498.91,405.418
726.357,405.184,552.353,361.483
735.055,435.623,564.845,389.164
685.43,403.121,513.864,366.035
735.461,433.468,564.905,387.042
656.414,425.863,489.873,392.698
673.614,434.639,507.417,398.317
749.308,436.461,578.096,387.647
730.339,367.911,550.593,325.202
683.296,413.164,513.344,376.047
712.012,416.716,540.719,374.817
672.401,434.473,506.25,398.358
683.658,450.88,519.257,412.272
674.059,429.244,507.037,393.045
667.259,456.905,504.731,420.838
670.609,402.195,499.774,367.526
674.462,429.095,507.394,392.835
706.453,473.491,543.876,430.116
727.713,410.752,554.424,366.592
721.259,399.446,546.784,356.799
684.592,410.895,514.226,373.653
684.616,413.524,514.637,376.18
765.204,418.1,590.013,367.632
661.449,399.819,490.764,366.707
723.151,387.174,546.743,344.752
737.764,421.155,565.237,374.92
659.465,388.3,487.171,355.89
765.271,421.668,590.59,371.011
708.583,422.666,538.399,381.074
738.312,391.122,561.364,346.161
737.397,419.555,564.664,373.452
684.247,370.375,507.908,334.679
722.867,387.163,546.478,344.786
689.748,419.158,520.284,380.766
744.075,389.063,566.384,343.298
660.615,367.488,485.161,335.577
685.335,443.042,519.673,404.456
718.245,456.57,552.349,411.942
753.287,380.822,573.671,334.014
677.375,384.701,503.559,349.57
668.533,393.917,496.585,359.869
724.613,417.227,552.498,373.279
687.799,425.816,519.44,387.486
697.867,437.515,530.586,397.07
719.029,457.017,553.142,412.239
767.985,449.687,597.123,397.18
679.551,383.977,505.502,348.528
665.513,469.223,504.912,433.006
665.353,457.114,502.965,421.362
758.346,424.977,584.727,375.263
705.849,384.23,530.2,344.636
748.186,452.786,579.436,403.371
762.09,434.063,589.473,383.299
655.155,388.948,483.181,357.205
765.068,415.465,589.507,365.149
670.185,373.201,495.068,339.602
654.714,413.861,486.475,381.376
711.48,467.12,547.615,423.167
709.013,396.821,535.003,356.221
670.251,409.461,500.515,374.594
720.172,387.856,544.076,345.871
738.512,439.228,568.56,392.04
695.229,384.237,520.267,346.308
745.974,445.916,576.404,397.194
704.258,391.795,529.827,352.15
677.925,397.52,505.977,361.842
671.191,374.136,496.158,340.347
700.442,438.231,533.096,397.332
671.043,443.086,506.248,406.884
746.797,466.028,580.082,416.203
697.47,418.587,527.428,378.963
699.086,397.431,525.823,358.382
754.753,430.804,582.276,381.383
720.539,456.393,554.45,411.391
725.153,373.992,546.671,331.819
644.425,444.858,481.333,413.069
655.769,362.809,479.865,331.805
689.546,464.184,526.735,424.062
703.148,380.751,527.164,341.717
732.418,394.911,556.466,350.704
741.868,430.647,570.404,383.313
739.363,402.784,564.035,357.132
766.129,412.683,590.075,362.337
740.94,440.714,571.014,393.06
705.89,462.385,541.723,419.577
699.762,417.67,529.435,377.711
730.877,428.727,559.978,383.259
719.884,384.44,543.307,342.644
646.544,455.791,484.976,423.285
757.227,391.788,578.885,343.853
772.313,404.099,594.488,353.211
735.701,362.557,554.779,319.262
641.417,378.279,468.52,349.058
770.331,427.455,596.053,375.701
702.725,398.908,529.442,359.222
724.3,391.954,548.51,349.149
677.237,469.927,516.046,431.676
694.695,433.557,527.039,393.793
675.956,446.945,511.443,409.778
739.978,369.844,559.799,325.577
692.533,413.504,522.059,374.879
754.952,407.949,579.142,359.597
727.949,432.107,557.763,386.963
680.716,431.736,513.667,394.346
691.941,445.175,526.174,405.406
689.45,457.096,525.601,417.272
736.498,370.434,556.667,326.673
286.699,529.133,107.156,567.316
297.969,557.779,118.966,595.236
271.792,507.83,94.6328,547.416
268.757,536.437,89.008,578.592
266.993,536.85,87.2202,579.381
246.698,512.411,72.9973,556.647
277.564,519.319,97.5019,558.812
263.8,501.974,92.3846,542.027
238.634,543.979,58.5977,592.607
265.548,503.211,94.2428,542.98
301.92,487.071,121.848,520.193
245.483,507.673,71.9172,551.853
292.038,494.839,112.015,530.224
193.43,505.612,8.4473,561.258
240.639,519.576,63.8294,565.836
190.361,499.355,0.84906,555.755
239.144,510.229,62.6335,556.178
241.16,529.096,63.5865,575.94
269.758,518.071,90.1513,558.951
239.66,538.546,60.5281,586.495
251.992,500.88,79.4697,543.285
243.38,543.001,64.8002,590.412
254.445,519.328,81.1644,562.398
235.652,538.854,55.4026,587.778
234.213,536.947,53.8227,586.054
257.069,524.424,83.7765,567.274
258.208,520.363,85.2528,562.714
233.298,490.208,57.5206,536.0
238.033,500.711,62.2455,546.215
235.063,534.859,55.0969,583.604
231.344,543.698,48.9647,594.1
254.336,510.105,81.5505,552.608
315.331,559.943,132.958,594.547
276.988,558.16,100.759,599.427
217.129,488.642,34.014,538.355
305.298,508.319,124.622,541.94
254.597,514.89,81.5753,557.644
253.821,505.02,81.2616,547.308
213.975,499.167,34.206,549.726
253.48,486.287,92.0291,526.223
295.743,518.86,115.735,554.787
306.916,552.43,126.273,588.05
423.489,549.571,233.373,563.333
437.663,530.036,246.506,540.446
395.694,557.851,206.542,577.319
398.204,488.28,211.2,504.166
405.039,536.486,215.372,553.283
338.567,533.62,154.018,562.575
338.776,555.816,153.229,585.99
469.405,539.62,278.065,544.208
369.164,537.699,181.437,561.297
400.163,490.004,212.912,505.616
423.205,540.404,232.802,553.907
388.65,522.456,200.06,541.711
398.573,538.633,209.209,556.74
332.264,492.344,151.443,520.065
354.542,512.439,169.817,537.319
430.225,535.017,239.46,546.998
432.293,549.73,242.082,561.776
354.343,512.025,169.686,536.916
408.857,485.182,221.495,499.005
335.152,512.783,155.984,540.674
474.186,560.737,284.591,564.795
333.943,533.511,149.844,563.303
368.573,555.909,180.719,580.493
441.999,495.216,252.135,503.465
443.899,493.415,254.144,501.238
441.492,496.13,251.567,504.511
413.364,518.897,223.595,533.401
328.628,527.392,145.335,557.806
366.56,570.646,178.638,596.355
356.291,517.958,170.716,542.864
377.455,498.472,191.365,518.554
366.491,567.596,178.638,593.159
363.995,557.206,176.448,582.718
450.953,530.811,259.329,538.737
331.928,551.811,147.21,583.019
441.089,547.635,250.659,557.904
472.468,557.159,282.526,561.496
440.822,539.69,249.934,549.791
369.155,530.058,181.571,553.29
376.58,496.618,190.831,516.748
373.568,525.722,185.808,547.926
444.592,546.047,254.021,555.591
371.328,572.948,183.157,597.847
340.019,562.97,154.395,593.276
342.609,562.854,156.76,592.668
353.487,480.629,172.784,503.832
390.965,515.259,202.514,533.752
453.99,488.335,264.748,494.056
377.447,533.329,189.261,555.174
388.09,491.137,201.635,508.964
376.224,486.157,195.939,505.266
391.984,509.573,203.753,527.611
451.442,513.861,260.014,521.111
354.266,548.713,167.507,575.63
394.408,507.224,206.177,524.706
469.552,529.179,277.613,533.499
454.273,518.585,262.345,525.511
346.076,484.898,165.388,509.668
409.246,570.701,220.524,587.952
404.098,570.404,215.385,588.674
444.951,513.743,253.825,522.189
470.832,518.172,278.608,521.955
376.017,566.531,187.672,590.205
498.191,497.154,322.529,493.163
547.574,543.954,355.677,533.526
548.683,543.541,356.705,532.901
562.811,539.813,370.031,526.485
523.431,513.379,341.878,505.655
577.27,550.78,392.06,533.739
524.485,511.992,342.877,504.053
577.526,552.605,392.384,535.526
540.118,520.884,357.107,510.3
486.21,553.48,295.848,555.056
498.972,485.619,322.16,481.43
595.84,493.122,410.943,472.091
558.651,524.311,374.268,510.427
572.316,492.698,387.925,475.944
518.915,585.549,334.522,580.569
615.028,505.218,428.088,480.914
595.734,535.411,408.584,514.924
558.422,514.724,374.102,500.762
594.359,536.605,407.36,516.371
556.235,515.084,372.075,501.518
510.122,496.923,330.807,491.15
544.793,569.593,357.967,559.463
538.359,488.139,356.298,477.333
496.003,555.722,305.863,555.401
544.466,570.168,357.779,560.093
511.536,506.093,331.24,500.331
603.854,511.214,416.572,489.058
539.215,485.888,357.171,474.896
488.556,526.961,296.199,527.611
511.185,496.459,331.793,490.49
614.124,563.905,427.711,539.953
570.16,548.127,385.346,532.381
520.856,488.831,343.989,480.648
571.916,562.497,387.618,546.517
584.656,498.182,399.13,479.318
571.889,563.951,387.689,547.981
606.783,519.878,418.961,497.28
599.024,518.642,411.737,497.433
497.556,556.715,307.54,556.098
603.95,505.196,417.103,482.943
611.523,511.809,423.825,488.271
599.117,518.451,411.828,497.223
558.638,493.714,374.944,479.414
549.618,499.692,366.348,487.078
525.509,547.372,334.304,541.211
523.168,564.46,334.422,558.793
524.897,580.377,339.544,574.221
511.687,581.748,325.876,578.349
588.649,570.551,404.055,551.411
602.492,565.82,416.838,544.058
584.81,570.072,400.364,551.664
513.187,512.865,323.118,508.169
523.248,494.929,342.184,486.893
585.894,570.036,401.389,551.422
724.537,554.068,530.618,509.733
742.135,484.397,578.466,434.468
720.65,554.949,527.109,511.301
766.217,485.593,600.695,431.532
712.758,555.997,519.917,513.764
708.325,557.326,515.975,515.869
758.67,491.183,594.61,438.111
704.43,486.324,543.877,442.747
747.452,489.762,584.129,438.668
707.151,486.509,546.434,442.456
734.318,488.877,571.923,440.064
689.486,540.313,496.576,502.678
711.195,482.275,549.571,437.713
709.647,488.454,549.038,443.888
718.628,487.99,557.299,441.902
717.833,489.734,556.818,443.704
673.447,530.221,482.253,495.461
774.058,487.968,608.182,432.462
693.961,581.871,506.444,542.347
660.436,572.683,472.653,539.852
725.166,543.23,530.686,498.975
722.816,541.988,528.6,498.159
754.827,500.58,592.202,447.716
715.847,532.667,522.109,490.203
720.623,540.835,526.654,497.404
711.56,526.906,518.736,485.196
641.968,574.329,455.193,544.995
733.148,540.103,537.483,494.528
736.602,495.666,575.014,446.139
734.484,543.961,538.64,498.105
704.405,525.72,512.023,485.31
734.379,495.072,572.88,445.955
