318.272,58.451,88.8634,97.8441
262.464,106.221,37.2812,152.508
263.701,94.9843,36.9302,140.89
271.904,97.8275,46.0377,142.86
312.549,114.315,91.1025,154.96
306.736,110.226,84.4453,151.488
263.192,112.95,39.0495,159.296
262.108,85.2577,33.8,131.135
291.703,105.749,68.0599,148.666
310.851,104.116,87.8376,144.833
301.144,90.7607,75.7439,132.391
284.863,76.3975,56.5462,119.596
327.284,112.565,106.139,151.504
438.336,62.9909,211.608,90.1068
447.441,52.1757,219.096,78.5254
441.479,106.113,220.919,132.381
441.556,106.289,221.02,132.547
379.023,69.9313,152.989,103.061
413.146,52.517,184.936,82.2492
324.548,64.8909,96.3252,103.692
413.13,54.9407,185.269,84.657
463.383,102.329,242.021,126.3
383.057,61.7565,155.901,94.4806
372.755,57.8315,144.855,91.6097
461.584,103.752,240.453,127.892
413.937,51.8734,185.637,81.5318
457.395,114.543,237.869,138.968
338.589,62.6869,110.53,100.001
476.499,112.263,256.315,134.655
369.258,77.8462,144.198,112
377.445,56.9794,149.506,90.2808
463.158,106.636,242.415,130.561
450.887,46.4997,221.696,72.5922
580.874,110.681,356.383,122.086
596.22,93.1182,368.358,103.635
515.631,110.17,294.065,128.425
599.933,88.7673,371.231,99.0892
509.903,41.2942,278.762,61.8571
504.968,110.322,283.773,129.706
633.059,97.3105,403.272,103.976
500.029,31.9943,267.855,53.7009
597.727,38.815,362.183,51.3581
620.408,98.748,391.734,106.611
505.035,54.4055,275.901,75.1124
595.992,84.5858,366.951,95.4646
504.888,34.2488,272.897,55.4518
496.36,39.8099,265.394,61.6813
619.203,100.597,390.871,108.5
503.237,58.6777,274.762,79.4574
492.487,40.431,261.708,62.6537
576.771,28.2069,340.947,43.0432
532.046,34.3916,299.158,53.0814
579.95,68.5231,349.603,81.5806
617.3,97.3708,388.651,105.604
630.121,13.9463,388.965,24.7105
511.238,30.6634,278.548,51.3674
563.396,78.5904,335.341,92.9034
603.222,17.9152,364.42,30.8213
564.534,81.1719,336.784,95.2842
503.469,101.413,281.055,121.165
582.629,20.9605,345.469,35.5461
589.353,19.9464,351.669,33.9806
600.505,66.6707,368.68,77.8313
781.508,68.9092,533.268,63.2182
748.992,54.1543,502.223,52.4287
741.706,17.9832,491.119,19.155
750.811,54.488,503.886,52.5798
762.619,41.6646,512.886,39.5219
756.304,58.9879,509.578,56.2482
759.234,45.0068,510.341,42.9305
781.498,104.547,538.091,96.339
785.193,110.37,542.124,101.395
741.065,95.895,501.179,92.1204
740.029,96.8791,500.39,93.1405
780.599,83.2266,534.41,76.6071
663.433,94.2473,430.816,98.0674
752.652,80.924,509.444,77.0333
756.375,73.5908,511.709,69.853
756.894,72.0602,511.961,68.3773
658.135,88.5099,425.165,93.137
672.279,101.149,439.858,103.742
774.64,47.1914,523.989,43.6962
675.312,82.1989,440.011,85.5004
778.817,22.9006,524.647,20.6913
653.696,83.0633,420.334,88.3913
754.855,104.321,514.545,98.6839
675.845,80.7254,440.294,84.0546
773.17,93.9682,529.328,87.2893
768.435,55.2823,519.612,51.7676
758.591,25.9469,507.177,25.2054
774.785,35.3538,522.782,32.6081
763.515,91.4178,520.458,85.8213
773.009,64.2486,525.151,59.6446
759.483,27.8767,508.231,26.9308
784.423,45.8378,532.417,41.5951
761.938,25.9469,510.145,24.9261
748.874,66.5081,503.802,63.9834
767.405,12.2402,513.123,11.7043
655.348,75.2867,420.776,80.8435
778.262,116.019,536.516,107.377
762.743,22.0048,510.322,21.1844
295.008,148.939,77.8831,192.137
273.942,174.739,59.5561,221.029
264.013,154.145,46.0175,201.272
312.051,157.066,96.8587,198.282
264.649,146.7,45.5891,193.59
307.24,213.184,100.096,255.731
279.221,207.595,69.9684,253.818
306.949,140.526,89.1184,182.156
297.934,185.528,86.3284,228.912
281.586,184.592,69.0591,230.08
293.314,176.636,80.1883,220.477
451.096,184.257,241.639,208.404
444.491,123.605,226.414,149.324
445.096,178.902,234.945,203.849
336.04,137.101,118.773,175.225
388.328,188.624,179.619,220.504
389.55,188.349,180.813,220.077
459,191.609,250.478,214.682
387.383,124.09,169.316,156.226
440.315,127.554,222.841,153.691
337.469,181.39,126.718,219.667
441.098,174.314,230.329,199.801
328.046,191.267,118.447,230.83
394.667,182.488,185.124,213.594
338.986,180.602,128.163,218.681
394.739,194.111,186.879,225.169
383.223,183.198,173.673,215.727
409.316,121.136,190.989,150.808
440.202,173.354,229.304,198.96
462.154,171.469,250.698,194.472
380.361,196.903,172.764,229.78
378.628,178.011,168.267,211.116
401.504,177.37,191.264,207.651
377.031,200.149,169.861,233.451
428.475,168.022,216.892,195.095
432.15,208.689,226.394,234.904
341.847,128.602,123.512,165.986
371.323,204.364,164.681,238.404
334.748,123.098,115.393,161.267
333.948,120.89,114.245,159.135
407.74,173.739,197,203.276
589.488,173.876,373.338,181.964
517.585,179.23,305.734,195.496
511.27,185.456,300.529,202.316
505.044,190.697,295.257,208.179
565.133,195.616,353.436,205.757
547.629,177.105,334.212,189.908
533.573,178.181,320.939,192.594
575.303,175.06,360.157,184.729
631.927,171.082,412.477,174.489
561.913,176.113,347.645,187.29
603.735,173.005,386.552,179.506
536.02,163.637,321.227,178.185
617.733,172.129,399.468,177.084
491.478,181.104,280.739,200.429
762.829,136.998,526.091,128.379
763.275,145.383,527.503,136.178
750.184,189.772,521.765,179.053
754.985,188.707,525.87,177.528
772.302,151.812,536.336,141.237
776.169,135.435,537.515,125.601
740.411,151.959,508.249,144.668
664.18,168.993,441.833,168.916
741.523,230.357,519.941,217.948
775.575,133.325,536.706,123.697
737.7,146.861,505.138,140.176
773.111,125.767,533.629,116.885
766.23,167.985,533.184,156.94
750.074,133.557,514.005,126.526
675.772,157.763,450.856,157.005
755.997,148.549,521.499,139.882
766.744,175.344,534.638,163.744
767.056,174.428,534.788,162.856
754.333,176.439,523.824,166.103
675.654,178.947,453.671,177.079
755.301,127.55,518.145,120.321
764.819,181.829,533.822,169.997
758.071,197.508,530.121,185.343
780.157,179.661,547.018,166.32
755.234,195.567,527.349,183.847
780.947,177.504,547.418,164.229
756.377,151.464,522.232,142.564
766.87,124.702,527.696,116.572
274.492,269.591,74.1544,317.67
266.759,301.774,70.7728,351.677
290.159,271.452,90.8584,317.268
271.657,337.801,81.26,387.692
271.503,337.442,81.045,387.35
292.217,255.691,90.6867,300.949
275.912,292.133,78.979,340.444
271.189,255.343,68.5706,303.616
282.08,330.285,91.0847,378.37
300.19,247.121,97.7458,291.113
292.493,340.917,103.535,387.534
310.139,338.744,121.555,382.525
309.797,244.973,107.424,287.584
296.189,276.472,97.8949,321.485
389.601,253.42,190.29,284.993
459.706,258.948,260.81,280.915
444.655,308.631,253.124,332.031
337.056,247.179,135.909,286.006
462.874,306.415,270.709,327.218
395.581,259.216,197.147,289.948
463.609,262.197,265.103,283.586
425.855,292.094,232.143,318.371
366.857,321.485,177.176,356.351
329.492,315.725,138.159,356.24
327.817,283.742,131.751,324.204
377.466,307.34,185.863,340.597
395.003,337.503,207.899,368.08
326.364,306.155,133.537,347.052
420.697,321.871,231.307,348.656
367.899,357.035,183.403,391.822
394.506,318.925,204.71,349.63
413.483,337.97,226.447,365.727
469.995,316.599,279.13,336.212
412.923,352.194,227.942,379.949
351.003,316.262,160.282,353.511
468.538,316.433,277.683,336.26
517.446,341.849,328.605,354.013
485.302,342.593,297.698,359.495
531.259,345.792,342.378,355.823
512.952,345.618,324.826,358.352
535.322,331.032,344.211,340.877
534.227,331.023,343.166,341.026
590.101,246.223,384.04,251.473
517.411,248.978,315.451,263.485
499.871,333.846,310.599,348.771
523.742,348.081,335.52,359.158
600.984,306.135,402.587,307.618
512.012,254.914,311.097,269.981
523.565,242.912,320.502,256.777
602.228,305.109,403.602,306.463
523.935,351.2,336.146,362.167
579.041,305.235,381.939,309.757
578.662,257.916,374.945,264.195
512.36,310.113,319.263,323.788
607.693,304.902,408.657,305.521
573.183,305.074,376.411,310.407
526.872,256.376,325.578,269.45
510.039,338.222,321.02,351.557
526.816,308.597,332.915,320.271
613.665,302.456,413.86,302.367
553.337,294.548,356.187,302.954
506.706,357.547,320.513,370.93
573.49,263.483,370.86,270.234
529.322,258.779,328.264,271.465
525.517,336.788,335.663,347.896
501.104,351.812,314.3,366.165
494.704,354.582,308.513,369.835
568.735,269.802,367.265,276.957
590.323,319.815,394.552,322.236
607.963,318.248,410.771,318.283
538.938,353.832,350.832,362.504
752.088,258.105,532.764,242.699
715.107,347.795,512.482,331.559
752.925,258.471,533.554,242.939
747.203,315.845,536.644,297.259
748.218,240.94,527,227.116
727.395,344.133,522.646,326.47
665.392,243.711,453.269,239.681
729.978,342.333,524.836,324.407
684.321,330.692,482.462,319.646
755.404,250.747,535.016,235.368
770.72,346.552,561.306,322.835
759.019,265.172,540.171,248.4
761.087,247.694,539.615,231.837
653.447,306.294,451.025,300.677
762.077,355.108,554.885,331.989
756.188,263.512,537.447,247.197
766.863,350.706,558.488,327.229
751.261,346.696,544.111,325.621
754.97,342.049,547.025,320.735
674.665,318.208,471.996,309.136
690.196,302.058,483.822,291.782
673.914,319.657,471.515,310.611
722.489,325.894,515.749,310.006
781.938,300.41,565.083,278.376
732.301,335.049,526.057,317.235
764.677,340.387,555.39,317.869
744.487,347.724,538.326,327.497
271.859,381.521,87.9403,432.283
302.736,472.223,133.519,519.159
300.172,402.925,120.659,449.261
270.181,475.798,100.133,528.846
282.955,464.725,111.854,515.177
271.562,444.797,96.9919,496.932
267.531,406.213,87.0486,458.24
267.285,405.997,86.758,458.062
301.933,461.881,131.165,508.807
307.923,467.011,138.117,512.918
461.93,461.468,291.979,480.088
336.545,405.55,158.545,445.728
464.264,463.038,294.481,481.233
463.05,466.924,293.853,485.27
370.256,374.409,188.317,408.856
431.269,418.878,255.694,443.189
374.961,381.957,194.17,415.654
434.267,417.483,258.517,441.303
465.965,465.185,296.446,483.055
407.218,419.816,232.022,448.121
431.458,384.609,250.984,409.205
431.281,407.864,254.129,432.274
414.012,470.159,246.054,497.027
441.234,398.979,262.726,421.854
424.345,450.311,253.436,475.515
371.434,380.987,190.465,415.256
378.756,393.773,199.716,426.858
392.689,450.606,221.96,481.287
410.988,466.941,242.584,494.36
402.924,400.609,224.96,429.711
399.927,387.881,220.123,417.521
369.706,463.717,200.751,498.448
443.431,434.124,269.937,456.241
381.659,365.67,198.562,398.284
415.247,391.705,235.958,418.845
372.885,388.781,193.065,422.825
330.807,414.303,153.945,455.536
389.37,458.227,219.739,489.476
489.757,382.541,307.709,397.979
486.636,384.422,304.954,400.31
514.452,383.706,331.669,395.286
532.293,370.676,346.884,379.867
536.282,377.316,351.623,385.716
514.862,378.883,331.378,390.518
539.548,455.163,365.773,460.825
539.481,467.878,367.506,473.188
501.097,390.855,319.609,404.376
486.002,365.915,301.702,382.26
511.498,457.459,339.348,467.74
502.426,378.602,319.383,392.159
532.193,398.563,350.778,406.995
502.756,378.834,319.734,392.335
537.642,386.263,354.181,394.201
531.464,455.379,358.122,462.377
502.157,464.587,331.394,476.283
515.038,456.203,342.561,465.921
512.325,369.921,327.672,382.161
533.878,471.179,362.653,477.34
487.906,367.117,303.719,383.147
489.295,464.921,319.044,478.798
487.107,466.565,317.164,480.784
542.067,380.377,357.314,387.838
512.945,454.311,340.288,464.424
494.894,384.299,312.927,398.901
529.863,388.602,347.103,397.674
516.845,370.523,332.094,382.061
493.88,474.134,324.782,487.042
525.874,470.693,354.966,478.221
528.88,376.279,344.421,385.835
689.73,424.01,500.202,407.13
717.146,425.096,524.905,404.007
687.657,469.851,504.469,450.828
698.396,423.474,507.786,405.324
698.065,422.534,507.311,404.492
686.903,459.291,502.334,440.957
728.615,424.802,534.953,402.02
700.123,431.661,510.403,412.796
762.01,389.308,559.482,363.92
718.567,375.027,519.015,356.733
700.938,469.965,516.402,448.82
684.683,405.749,493.103,390.62
688.077,435.275,500.081,418.057
750.136,398.998,550.253,374.692
767.677,369.756,561.794,344.882
744.267,426.045,548.9,400.852
739.994,471.573,551.347,444.162
695.371,443.587,507.782,424.787
755.392,407.597,556.282,381.941
742.976,471.665,553.992,443.78
745.12,442.022,551.834,415.685
718.92,471.121,532.608,447.058
731.985,398.654,534.156,377.002
693.351,430.417,504.154,412.655
737.803,472.589,549.551,445.459
745.3,462.026,554.725,434.389
744.021,361.771,539.928,340.699
703.834,468.411,518.78,446.894
724.894,436.526,533.177,413.604
730.611,436,538.179,412.242
736.058,376.037,534.833,355.182
740.104,392.866,540.586,370.395
739.97,427.186,545.26,402.564
745.292,452.826,553.461,425.776
679.902,452.883,495.014,436.008
714.391,387.99,517.066,369.528
722.936,439.668,531.867,416.855
279.067,504.87,113.729,556.831
303.99,505.753,139.752,552.959
306.288,496.249,140.728,542.879
263.367,504.871,97.2914,559.86
359.919,504.717,196.825,541.369
420.863,520.14,260.057,545.449
463.243,502.928,299.196,520.707
464.445,501.059,300.1,518.651
333.857,495.092,168.899,536.538
447.768,538.886,288.493,559.07
472.073,541.769,312.583,557.389
409.255,507.239,246.684,534.764
427,573.164,268.805,597.198
464.921,534.634,305.095,551.657
461.17,534.745,301.459,552.459
426.423,504.142,262.981,528.573
444.765,566.804,286.499,587.412
594.952,549.743,414.371,543.915
533.162,488.292,364.393,494.106
537.936,551.773,376.867,555.057
533.252,486.3,364.197,492.153
529.505,542.039,368.239,547.074
540.928,489.827,371.692,494.289
487.123,542.739,327.366,555.551
597.398,528.444,430.051,521.814
596.074,526.847,428.599,520.51
503.921,489.23,336.593,500.08
500.389,539.15,340.02,549.566
506.223,573.287,346.969,582.084
497.024,576.077,338.128,586.576
530.035,578.191,370.113,582.393
557.222,543.14,394.594,543.129
538.016,518.32,373.247,522.455
533.413,538.295,371.42,542.723
520.462,511.314,355.562,518.741
501.674,539.343,341.281,549.52
494.541,507.371,330.153,519.486
531.042,493.409,363.102,499.45
559.111,542.188,396.236,541.867
549.861,541.033,387.365,542.413
489.337,534.382,328.707,546.919
487.226,502.31,322.375,515.824
515.398,537.198,354.116,544.92
518.769,508.082,353.488,515.889
576.132,544.097,412.453,540.658
535.21,509.841,369.387,514.707
563.43,539.915,399.972,538.892
532.54,536.469,370.333,541.104
506.597,536.019,345.53,545.37
494.724,507.081,330.288,519.169
490.084,508.837,326.065,521.716
565.169,541.867,401.878,540.468
583.78,565.218,401.023,561.086
567.658,542.011,404.232,540.161
541.851,540.045,379.66,542.899
533.364,517.34,368.695,522.326
480.797,533.257,320.299,547.38
515.881,542.826,355.332,550.327
579.086,570.005,396.354,566.585
745.466,488.588,558.692,459.219
755.932,491.897,568.184,460.661
725.629,488.914,541.198,462.701
737.379,489.273,551.65,461.153
685.191,485.048,504.456,465.594
734.736,493.819,549.936,465.842
