85.4418,65.6015,422.102,83.0426
102.461,75.772,438.777,92.8531
99.4425,67.0934,436.653,84.6072
34.9987,64.7071,379.288,82.4715
129.959,66.5029,462.74,83.8206
23.7086,62.8276,367.606,80.5765
57.2838,64.5051,396.983,82.0652
119.521,65.5914,453.103,82.9622
146.542,70.7956,479.974,88.1145
46.0582,63.5651,387.09,81.2075
152.03,68.7861,485.288,86.1726
114.061,57.5232,448.427,75.2561
110.223,66.0227,444.58,83.3956
76.4239,56.3434,414.326,74.3048
56.2271,67.9869,397.74,85.5007
52.1448,74.4881,393.67,91.5881
183.173,72.1634,514.7,89.442
182.307,71.8035,513.892,89.0906
200.812,70.6772,531.89,87.9884
279.563,75.319,610.234,92.646
163.837,69.4375,496.423,86.7952
277.361,73.251,608.127,90.5602
219.832,73.6818,550.279,90.9498
220.079,72.963,550.576,90.24
219.996,71.6139,550.594,88.9073
218.441,72.8646,548.967,90.1418
234.182,70.4345,562.612,87.5523
225.836,61.9461,554.663,79.131
224.396,77.8609,554.467,95.0866
246.563,70.6697,574.937,87.7803
167.118,59.6482,497.887,77.085
184.719,56.496,515.427,73.9819
277.806,62.8492,606.882,79.8714
288.292,79.2009,619.089,96.5956
213.203,70.2004,541.958,87.3336
253.773,55.2073,583.257,72.3299
211.902,61.0514,541.016,78.2942
295.949,82.2191,626.782,99.6747
218.321,50.6354,548.139,67.9979
294.701,83.6101,625.383,101.079
218.589,50.8454,548.388,68.2033
324.695,75.0218,657.266,92.4019
340.505,76.0065,673.996,93.4341
341.625,77.7869,675.057,95.2685
351.844,74.4002,684.042,91.598
361.089,74.9555,694.008,92.1842
337.583,63.2953,669.308,80.1469
367.295,63.9226,701.855,80.7587
381.731,113.016,713.282,131.907
372.181,95.2075,706.77,113.464
392.407,59.4945,729.253,76.0054
364.78,66.5184,698.34,83.4087
363.37,65.7345,696.868,82.5986
356.863,62.3258,690.565,79.1278
92.1624,140.117,424.96,153.848
92.0758,128.98,425.684,143.287
124.806,142.5,454.673,156.815
124.758,129.428,455.611,144.293
57.6581,146.705,393.413,159.304
136.984,141.748,466.037,156.36
56.4278,148.48,392.196,160.941
136.811,129.832,466.778,144.898
99.7822,123.041,432.93,137.76
57.5311,120.976,395.129,135.173
105.55,128.59,438.008,143.154
62.5375,138.688,398.474,151.897
68.6325,130.423,404.494,144.24
100.16,148.273,431.454,161.75
23.1858,120.634,365.01,134.357
75.8858,154.457,409.265,167.04
12.1706,144.062,353.876,155.865
119.125,123.929,450.623,138.917
130.452,124.176,461.058,139.334
61.6809,127.4,398.552,141.284
75.4551,152.769,409,165.437
44.278,150.174,381.329,162.245
51.1754,128.662,389.12,142.288
68.6046,160.43,402.327,172.482
109.87,221.493,435.054,231.829
74.6903,148.443,408.624,161.339
73.4837,154.957,407.078,167.452
51.2211,138.554,388.458,151.547
85.1523,175.932,415.901,187.577
118.969,147.923,448.742,161.86
41.752,147.147,379.367,159.365
99.3447,133.277,431.974,147.497
110.057,221.387,435.233,231.737
171.065,144.562,497.963,159.85
207.479,133.09,533.939,149.414
314.408,136.947,641.887,155.573
177.453,136.671,504.641,152.307
272.306,139.993,598.106,157.686
190.414,141.428,516.751,157.234
207.139,142.263,532.925,158.435
270.359,137.043,596.344,154.675
270.813,139.041,596.656,156.694
206.894,141.759,532.724,157.933
180.582,156.154,506.025,171.365
170.602,199.436,493.741,213.246
252.512,146.209,577.593,163.44
278.061,156.258,602.595,174.199
305.936,141.335,632.687,159.844
371.712,158.096,701.378,178.908
372.683,143.696,703.756,163.962
370.583,172.361,699.042,193.719
361.504,164.695,689.766,185.433
364.845,163.107,693.515,183.896
330.32,137.582,658.626,156.591
330.092,148.071,657.58,167.347
330.401,145.263,658.123,164.474
339.16,130.721,668.359,149.719
345.076,137.219,674.426,156.567
350.289,143.356,679.51,163.027
321.969,155.277,648.271,174.485
365.912,138.045,696.854,157.918
346.982,138.16,676.359,157.579
343.53,150.612,671.704,170.333
354.107,148.882,683.197,168.842
365.69,150.392,695.619,170.735
358.767,130.183,689.507,149.581
360.844,157.681,689.594,178.136
381.615,201.564,706.318,224.389
381.052,208.816,705.14,231.939
336.496,188.735,661.115,209.33
380.907,227.142,703.566,251.08
329.157,163.539,655.231,183.172
59.2823,279.786,385.375,284.306
120.045,332.045,436.381,338.203
11.5147,306.886,341.838,306.493
59.8613,327.095,382.512,328.813
131.788,340.71,446.534,347.481
99.9955,251.64,423.856,260.059
105.65,306.033,425.076,312.237
132.306,340.986,446.995,347.79
92.923,280.496,415.418,287.079
24.2338,328.539,351.23,327.484
31.3474,287.596,360.302,289.87
51.8196,334.778,374.827,335.406
133.555,321.199,449.598,328.847
38.0688,322.427,363.708,322.815
110.135,305.417,429.23,311.972
97.8713,273.49,420.409,280.729
54.8509,279.409,381.468,283.677
109.597,305.401,428.738,311.918
130.482,303.478,448.034,311.569
86.0653,260.87,410.633,268.049
32.2088,333.935,357.767,333.11
93.9367,247.46,418.71,255.763
133.422,321.102,449.481,328.743
110.811,342.588,427.16,347.54
92.9544,268.829,416.285,276.001
46.1933,296.22,372.622,298.876
85.1311,245.161,410.92,253.117
105.146,275.135,426.848,282.739
91.4597,250.135,416.272,258.169
98.9003,262.066,422.115,269.918
93.9873,306.902,414.485,312.237
29.8245,322.344,356.511,322.131
94.133,298.644,415.211,304.4
24.2273,296.369,353.497,297.577
93.0788,289.199,414.934,295.355
147.905,289.428,465.32,299.25
66.5961,307.457,390.036,310.84
100.343,284.409,421.808,291.269
23.9747,350.283,349.474,347.683
41.8879,354.961,364.731,353.516
66.5561,307.113,390.026,310.513
100.22,320.868,419.066,325.975
135.676,266.391,455.567,276.234
133.817,286.634,452.357,295.599
100.976,316.765,420.047,322.124
97.8917,326.22,416.634,330.899
98.9938,293.914,419.902,300.228
98.0367,323.847,416.936,328.652
66.047,332.476,387.761,334.37
122.113,281.529,441.912,289.926
65.8834,285.469,390.974,290.082
65.996,287.946,390.897,292.422
99.5697,322.724,418.343,327.693
135.387,266.215,455.309,276.047
154.993,280.782,472.593,291.356
23.1611,278.2,353.862,280.627
98.1489,300.5,418.718,306.443
133.746,286.72,452.284,295.677
52.3312,289.814,378.488,293.277
52.297,290.486,378.409,293.905
270.045,288.132,584.483,306.633
269.486,321.622,581.391,340.306
259.682,351.077,569.231,369.034
221.706,294.642,535.699,309.577
220.434,325.122,532.174,339.667
274.91,288.273,589.414,307.134
301.922,349.783,612.447,371.759
248.113,353.765,557.508,370.643
260.509,302.212,573.738,320.059
309.7,324.62,622.444,346.824
264.66,327.919,576.013,346.224
174.429,354.984,485.519,365.023
229.018,339.114,539.615,354.289
307.695,295.633,622.562,317.083
303.574,254.746,621.402,275.136
275.269,321.712,587.247,340.887
258.907,268.453,574.659,286.078
248.826,283.293,563.493,300.249
253.068,313.78,565.457,331.07
220.566,328.902,532.024,343.423
219.513,334.98,530.534,349.351
228.892,339.447,539.466,354.609
201.577,277.439,517.316,291.183
258.919,316.149,571.088,333.916
309.755,296.552,624.641,318.182
303.223,280.277,619.091,301.101
253.303,345.292,563.331,362.647
203.33,250.518,521.015,264.804
203.157,332.984,514.741,345.978
192.6,347.222,503.486,359.058
303.213,280.66,619.052,301.491
202.663,303.27,516.462,316.681
230.665,278.082,545.785,293.788
301.935,315.15,615.104,336.5
213.98,316.219,526.512,330.331
211.985,313.398,524.78,327.386
219.516,349.483,529.459,363.715
253.66,323.293,565.337,340.645
193.721,342.706,504.895,354.723
193.743,342.51,504.93,354.532
253.707,275.102,568.995,292.396
195.83,259.407,513.091,273.095
234.687,297.352,548.313,313.231
269.087,333.576,580.086,352.307
302.366,333.285,614.163,355.001
259.542,336.462,570.189,354.352
373.501,306.965,689.316,333.892
361.899,332.817,677.178,360.041
367.856,254.557,689.694,279.124
377.494,268.43,696.644,293.989
360.638,325.661,676.374,352.488
351.935,309.066,668.348,334.51
345.65,269.105,664.677,292.688
339.806,332.184,653.572,357.317
326.758,322.21,640.582,345.875
333.016,341.726,645.639,366.508
343.234,298.161,659.85,322.507
98.0588,415.196,410.375,415.629
146.179,454.188,451.783,458.472
147.691,456.771,453.004,461.154
27.2523,373.83,350.633,369.868
41.3993,413.355,360.155,408.091
142.276,431.361,449.727,435.931
144.175,429.182,451.652,434.037
144.68,429.063,452.131,433.979
92.6454,419.21,405.194,418.881
95.7367,454.874,405.48,453.169
38.4073,403.736,358.229,398.801
42.2551,392.449,362.386,388.614
40.8496,394.155,361.04,390.078
130.456,449.423,437.614,452.014
122.138,456.488,429.383,457.818
98.8865,408.721,411.519,409.538
119.744,455.666,427.248,456.745
127.867,450.807,435.106,453.04
93.5945,445.899,404.258,444.388
126.467,454.335,433.518,456.263
33.5726,404.544,353.947,399.083
67.2026,418.116,382.662,415.208
68.1827,438.021,382.106,434.092
67.5062,438.117,381.5,434.109
127.742,461.85,434.148,463.644
103.294,419.787,414.709,420.548
125.811,461.35,432.408,462.93
67.8916,420.767,383.083,417.78
67.9259,421.112,383.089,418.109
67.6388,400.234,384.328,398.384
104.802,459.873,413.324,459.002
73.0779,431.303,386.936,428.279
67.4389,430.156,382.01,426.591
80.1095,414.446,394.451,413.075
58.442,410.915,375.273,407.512
57.885,399.05,375.627,396.299
89.8867,440.641,401.333,438.975
116.29,428.41,425.949,430.2
44.3608,440.818,360.942,434.128
93.1257,435.113,404.482,434.058
54.6132,430.536,370.485,425.56
135.089,456.214,441.336,459.099
105.2,422.585,416.24,423.422
126.815,474.614,432.367,475.81
54.6508,429.917,370.563,424.983
30.4373,442.787,348.689,434.46
68.4157,393.037,385.533,391.671
69.2111,449.624,382.148,445.154
79.7127,447.153,391.713,444.008
124.689,431.317,433.387,433.91
107.915,423.795,418.629,424.871
44.1175,426.769,361.514,420.917
106.388,425.961,417.078,426.775
121.575,477.938,427.313,478.349
86.9305,407.147,400.907,406.829
12.1763,468.35,331.105,456.197
49.0732,433.009,365.402,427.287
186.587,424.682,492.016,434.439
187.021,424.266,492.458,434.08
183.494,456.514,486.814,465.283
169.858,438.987,475.062,446.5
183.073,460.157,486.143,468.8
251.411,444.159,554.181,461.509
164.737,459.74,468.775,466.118
164.368,429.064,470.591,436.199
250.374,428.015,554.208,445.191
268.263,469.763,569.083,489.424
251.41,429.91,555.099,447.213
244.631,449.181,547.008,465.678
315.952,448.221,619.795,473.933
234.577,422.956,538.84,438.264
297.726,409.98,603.546,432.587
298.22,408.084,604.196,430.715
298.739,428.686,603.153,451.746
308.141,450.967,611.415,475.703
199.326,449.162,502.621,460.02
284.721,419.583,589.668,440.822
186.366,437.786,490.83,447.26
189.079,438.342,493.372,448.124
284.872,413.422,590.289,434.598
205.103,466.717,506.842,478.044
163.644,421.149,470.486,428.415
298.697,435.695,602.574,458.876
200.486,474.416,501.807,485.037
202.484,474.27,503.748,485.155
197.843,431.733,502.279,442.658
195.767,433.924,500.116,444.571
186.857,411.57,493.248,421.615
299.112,405.217,605.328,427.9
298.947,434.248,602.941,457.434
183.657,470.185,485.964,478.699
288.513,418.26,593.651,439.934
288.564,448.963,591.375,471.091
166.901,469.9,470.075,476.286
289.001,414.711,594.421,436.392
187.633,472.265,489.612,481.25
286.881,449.617,589.602,471.536
201.836,450.935,504.914,462.075
311.054,442.865,614.854,467.778
296.376,437.594,600.305,460.549
229.352,453.975,531.519,468.524
232.475,425.827,536.551,440.877
228.053,450.723,530.494,465.128
227.576,452.055,529.926,466.392
231.866,455.741,533.825,470.596
203.121,461.42,505.315,472.565
280.497,416.931,585.594,437.639
226.936,459.618,528.666,473.82
230.277,444.437,533.19,459.157
253.06,406.631,558.49,424.079
250.965,409.378,556.194,426.594
271.621,452.384,573.856,472.351
252.918,406.138,558.386,423.569
203.662,410.909,509.451,422.809
228.131,439.175,531.283,453.637
209.356,408.818,515.126,421.373
336.784,382.38,646.501,408.772
336.925,383.114,646.594,409.545
335.863,380.553,645.663,406.787
364.593,373.568,676.929,402.704
321.131,443.321,625.402,469.568
362.602,426.126,670.702,457.169
361.186,395.011,671.589,424.626
352.132,387.955,662.462,416.262
331.74,425.877,637.822,452.991
352.482,463.784,657.107,494.959
328.12,428.355,633.897,455.095
352.693,464.631,657.267,495.868
357.826,444.313,664.16,475.455
332.357,392.088,641.07,418.277
358.546,443.212,665.016,474.408
359.137,441.203,665.805,472.398
363.783,440.679,670.849,472.474
325.99,431.534,631.413,458.093
334.383,368.713,645.006,394.429
360.697,447.002,667.347,478.679
333.786,366.822,644.521,392.419
114.884,502.119,419.077,500.639
109.318,499.341,414.26,497.252
139.795,500.712,442.134,502.609
140.755,500.567,443.038,502.598
137.486,499.258,440.128,500.9
135.245,497.68,438.199,499.082
155.214,564.954,450.527,566.916
88.9372,498.903,395.878,494.182
121.999,499.261,425.851,498.845
94.3073,513.961,399.331,509.177
90.0992,498.62,396.948,494.064
129.134,490.885,433.185,491.747
114.522,522.511,416.87,520.082
133.055,569.418,429.535,567.782
115.078,522.49,417.379,520.139
45.6126,571.464,350.955,556.517
117.391,523.244,419.422,521.182
37.8127,493.081,351.228,482.247
132.607,520.512,433.648,520.683
123.076,523.059,424.644,521.797
25.041,492.071,340.257,479.738
45.1815,562.302,351.406,547.885
66.4693,486.855,376.939,479.958
91.4591,575.667,391.126,567.352
67.6366,486.669,377.99,479.927
119.893,556.226,418.669,553.116
36.0555,566.142,343.127,550.151
111.046,525.827,413.397,522.767
134.831,506.048,437.042,507.078
119.706,555.927,418.526,552.801
137.125,558.335,434.319,557.739
43.749,518.933,354.069,507.141
53.6242,543.341,360.501,531.328
174.173,544.974,470.243,550.412
186.388,502.891,485.821,511.088
164.711,548.972,460.931,552.869
175.662,538.908,472.223,544.722
217.281,506.738,515.305,519.229
249.834,507.783,547.326,524.984
164.918,500.893,465.618,506.183
190.895,501.446,490.274,510.3
180.83,500.845,480.707,508.319
178.513,499.787,478.6,506.967
167.619,550.123,463.564,554.43
173.307,563.875,467.652,568.7
186.363,546.503,481.696,553.76
259.454,489.512,558.709,508.083
187.486,545.031,482.908,552.491
209.09,504.411,507.553,515.766
214.227,531.613,509.969,543.358
224.095,504.226,522.21,517.718
179.155,523.129,477.021,529.84
179.527,565.392,473.409,571.162
173.214,510.723,472.542,516.895
242.811,500.455,541.038,516.651
182.165,548.407,477.513,554.979
175.466,565.477,469.547,570.602
180.225,565.729,474.041,571.602
275.04,535.693,569.987,556.844
276.482,535.333,571.484,556.71
194.582,554.992,488.768,563.353
173.132,533.835,470.3,539.401
243.798,516.446,540.488,532.741
204.545,558.163,498.065,568.041
205.852,508.857,503.992,519.686
164.358,521.435,463.171,526.062
191.922,539.026,487.72,547.282
224.716,520.002,521.319,533.441
207.314,518.74,504.474,529.633
222.498,550.905,516.208,563.718
225.405,554.302,518.731,567.546
188.563,560.011,482.528,567.327
196.765,581.565,488.358,589.793
198.058,538.362,493.678,547.56
198.171,539.762,493.655,548.952
188.537,530.912,485.241,538.825
380.637,497.006,682.447,533.461
391.134,513.034,692.682,551.967
389.787,513.904,691.137,552.662
367.368,482.219,671.697,516.303
369.358,483.102,673.782,517.522
374.953,490.238,676.789,525.496
