60.726,85.2701,462.128,26.4881
59.0659,71.1788,463.104,12.7326
110.867,68.9815,511.07,15.0619
305.284,58.6879,709.814,22.7422
256.499,47.8576,659.648,6.70789
254.107,45.8293,657.541,4.38004
206.008,56.7052,605.734,11.2082
206.043,58.7728,605.441,13.3364
205.084,57.2091,604.716,11.6413
184.695,57.0251,584.303,9.61279
183.98,53.2097,584.328,5.68701
179.423,58.1404,578.888,10.2762
189.536,58.6407,588.814,11.6846
286.576,50.3055,691.261,12.0844
361.986,45.0571,776.241,13.7968
361.199,44.9122,775.373,13.5625
323.652,55.0078,730.842,20.6719
349.066,50.6862,760.278,18.5857
348.442,52.9171,759.077,20.9218
42.9225,223.316,422.909,156.038
131.428,227.622,501.664,172.292
27.1642,211.798,411.023,143.156
57.2059,199.252,439.378,135.146
241.965,227.962,608.32,189.033
133.546,318.889,487.67,260.421
123.382,276.632,485.961,218.348
103.238,343.593,455.557,278.506
116.074,273.163,479.902,213.884
111.981,321.863,467.305,259.513
116.46,351.242,466.204,288.099
113.566,301.077,472.631,240.086
104.296,343.783,456.471,278.872
90.9148,331.769,446.695,265.251
110.834,324.009,465.88,261.347
123.565,306.668,480.871,247.091
90.9757,324.837,447.954,258.747
122.536,305.578,480.117,245.878
139.595,346.237,488.366,287.582
125.155,319.327,479.837,259.382
110.688,335.233,463.768,271.938
109.641,281.615,472.487,220.928
118.808,314.765,474.812,253.95
131.618,295.911,490.098,238.141
55.8308,278.055,424.968,209.222
112.785,303.87,471.42,242.611
113.536,298.182,473.117,237.328
152.43,272.141,513.672,218.633
142.392,311.869,497.164,255.241
107.738,337.593,460.82,273.67
61.7756,310.774,424.635,240.741
155.641,274.248,516.298,221.187
135.477,338.159,485.693,279.09
98.7153,317.962,455.92,253.553
127.664,279.73,489.341,221.995
111.124,349.046,461.733,285.058
121.799,295.13,481.258,235.784
150.525,332.193,500.657,276.086
124.593,330.229,477.376,269.651
136.916,329.797,488.904,271.435
143.805,312.066,498.039,255.608
110.529,284.267,472.83,223.595
73.6562,318.389,433.631,249.781
152.323,330.028,502.736,274.335
56.8364,308.218,420.717,237.554
73.5357,320.132,433.224,251.392
147.155,280.146,507.299,225.523
101.029,303.218,460.817,240.04
144.004,263.081,507.441,208.542
101.571,303.94,461.182,240.813
104.379,321.695,460.414,258.047
125.597,351.652,474.488,290.157
127.136,333.295,479.223,273.024
129.827,301.933,487.384,243.607
50.1348,298.718,416.44,227.63
115.229,310.219,472.579,249.061
170.731,268.834,531.522,218.35
249.932,308.73,601.007,271.262
186.879,339.683,533.516,289.958
185.516,341.547,531.861,291.508
192.855,333.347,540.453,284.928
206.663,341.42,552.317,295.392
182.686,326.043,532.033,275.961
161.34,330.818,511.077,276.724
215.415,330.102,563.019,285.988
184.211,327.411,533.241,277.567
192.58,333.914,540.081,285.427
257.928,332.984,604.319,296.907
183.668,343.58,529.713,293.127
233.249,335.185,579.407,294.34
226.785,305.878,578.646,264.225
177.402,314.752,529.069,264.06
179.867,324.098,529.693,273.562
200.249,310.266,551.963,263.781
217.311,331.884,564.541,288.093
224.851,311.585,575.627,269.503
200.543,311.453,552.025,264.995
170.888,300.001,525.775,248.647
179.394,321.816,529.664,271.265
231.052,337.191,576.84,295.892
202.322,339.972,548.37,293.155
205.954,323.352,555.046,277.616
196.907,287.929,553.015,241.341
203.387,319.54,553.265,273.417
219.649,307.019,571.603,264.095
207.714,325.098,556.433,279.65
179.013,289.077,535.664,239.436
199.37,339.267,545.641,291.909
230.96,318.338,580.387,277.294
196.177,326.729,544.906,279.105
229.2,326.62,577.041,285.13
209.786,302.264,562.804,257.646
253.192,350.584,595.8,313.381
198.137,324.62,547.202,277.412
179.674,358.367,523.159,306.643
250.398,334.389,596.445,296.833
165.552,308.74,519.119,256.187
173.311,329.583,522.416,277.675
277.843,351.655,620.357,319.403
226.695,336.694,572.865,294.603
220.043,321.973,569.124,278.878
264.423,323.193,612.847,288.417
241.345,302.448,593.852,263.479
176.321,341.618,523.06,289.852
233.917,297.732,587.33,257.455
234.027,297.717,587.442,257.46
244.915,320.826,593.846,282.377
234.246,298.164,587.574,257.942
230.134,282.867,586.402,242.038
410.103,347.538,763.899,343.593
424.705,343.631,781.257,342.755
366.856,322.69,721.092,308.381
388.337,296.66,750.598,285.676
364.789,333.782,716.444,319.412
135.736,449.193,466.688,384.096
75.9912,432.102,416.524,355.819
138.782,383.521,481.131,322.869
126.831,387.851,469.558,324.653
109.322,408.246,449.946,340.322
111.702,425.727,449.046,357.12
144.94,423.996,479.582,362.363
115.639,439.643,450.166,370.909
150.253,459.063,478.091,396.5
114.384,425.141,451.562,357.122
124.705,416.108,462.479,350.775
148.297,442.85,479.311,380.841
125.64,421.272,462.42,355.809
88.9133,374.939,437.439,305.302
126.35,430.264,461.485,364.381
84.5838,399.081,429.715,326.984
87.5974,374.111,436.42,304.287
82.1531,396.872,427.941,324.467
130.068,427.926,465.276,362.963
138.106,406.941,476.337,344.871
135.314,363.411,481.122,303.081
128.722,377.089,473.032,314.839
127.537,376.341,472.08,313.905
77.0893,394.095,423.943,320.926
147.208,411.875,483.837,351.386
153.355,419.639,487.801,359.956
102.176,366.606,450.764,299.968
109.054,371.052,456.001,305.393
130.265,422.141,466.475,357.575
139.287,413.82,476.198,351.599
134.299,392.269,475.496,330.268
40.5223,411.904,389.223,330.352
151.171,367.563,494.873,310.014
113.333,364.95,460.945,300.452
131.949,369.88,476.86,308.574
116.935,462.686,447.326,392.626
123.88,417.791,461.434,352.185
92.9802,406.099,435.74,335.102
90.8245,365.399,440.788,296.747
148.995,369.303,492.558,311.258
121.753,373.29,467.335,309.923
93.3252,432.091,431.808,359.321
82.0119,458.434,417.344,381.287
151.23,408.062,487.993,348.566
45.9917,404.133,395.184,324.279
152.344,409.413,488.782,350.074
36.892,408.938,386.628,326.958
95.4801,425.405,434.868,353.561
51.8397,422.467,397.177,342.189
125.349,463.253,454.801,394.981
143.979,369.83,487.856,310.804
96.8317,458.992,430.308,384.931
25.1857,416.236,375.568,331.398
36.2511,408.533,386.151,326.467
190.436,459.758,514.985,406.084
170.764,444.204,499.664,386.963
178.076,449.475,505.565,393.578
171.975,465.613,496.662,407.472
281.301,404.127,613.587,372.348
194.814,471.708,516.639,418.428
263.325,399.955,596.423,364.278
170.804,456.89,497.339,398.982
216.234,433.03,544.085,386.191
205.373,368.113,546.236,321.144
218.073,435.492,545.388,388.974
164.188,371.895,506.653,316.727
195.447,426.106,526.105,375.06
290.168,409.132,621.94,379.349
222.886,366.907,563.355,323.456
166.137,426.438,498.383,369.081
180.145,462.727,504.799,406.581
173.941,435.461,503.9,379.308
191.05,414.728,524.038,363.207
286.11,419.827,615.276,388.975
236.356,366.54,576.565,325.805
273.393,362.129,614.229,328.999
196.105,422.662,527.357,371.897
208.324,372.72,548.21,326.206
202.556,367.403,543.671,319.898
188.916,369.071,530.379,318.829
331.01,420.634,661.908,400.301
323.67,431.912,651.701,409.838
351.894,444.379,678.814,429.267
333.119,431.98,661.801,412.211
451.038,435.061,790.825,445.244
326.41,406.666,659.952,385.173
449.672,436.927,788.852,446.837
333.274,415.83,664.954,395.956
364.214,404.378,700.793,391.728
364.702,406.028,700.972,393.528
428.439,436.768,764.877,441.094
448.358,403.486,794.835,411.401
371.372,375.596,714.705,363.926
427.968,375.152,777.958,376.651
406.751,440.904,739.641,439.724
391.194,455.637,719.28,450.785
360.019,427.852,690.978,414.553
356.519,414.136,690.093,399.777
134.985,505.358,456.496,436.357
135.174,503.948,456.908,435.09
110.801,523.368,431.993,447.393
110.446,523.329,431.688,447.274
137.256,498.128,459.78,430.157
110.476,530.426,430.514,453.8
97.1189,521.574,420.345,442.584
94.7955,520.156,418.564,440.754
117.039,522.779,437.578,448.304
107.862,514.325,430.945,438.401
113.127,490.14,438.774,417.177
96.6262,490.529,424.233,413.877
115.149,509.077,438.243,435.238
112.473,509.391,435.832,434.915
93.7211,508.9,419.515,430.205
148.334,514.149,466.958,447.65
80.3609,532.275,404.086,448.49
118.036,533.62,436.614,458.517
76.7548,496.982,406.83,415.533
74.5832,497.855,404.818,415.853
120.239,513.069,442.057,440.092
79.9586,495.663,408.91,414.915
94.3964,529.975,416.575,449.638
119.839,484.453,445.809,413.421
106.016,541.226,424.794,462.649
22.8538,534.901,354.852,437.79
106.547,542.527,425.038,463.966
156.071,519.02,473.098,454.027
124.746,532.13,442.79,458.735
199.872,487.501,518.146,434.595
166.368,486.932,487.233,426.251
309.731,554.238,612.59,527.198
177.698,494.232,496.276,435.755
189.729,486.6,508.859,431.359
250.145,521.392,560.74,479.511
285.844,579.125,583.669,544.658
315.034,517.926,625.235,493.029
284.132,579.416,581.909,544.455
189.868,518.455,504.176,461.652
268.928,553.529,572.932,515.405
167.09,523.61,482.308,460.964
212.373,501.621,528.292,451.158
200.084,511.171,515.003,457.252
309.96,518.33,619.954,492.068
216.715,497.87,533.089,448.631
289.609,571.647,588.879,538.49
178.222,502.967,496.178,444.241
215.862,509.947,530.065,459.949
377.746,561.66,681.98,554.106
377.32,564.665,680.899,556.982
370.172,547.865,676.773,538.104
415.09,577.892,720.563,581.91
387.72,513.291,703.209,508.419
440.755,497.069,765.452,506.919
366.204,509.417,680.542,498.485
396.03,562.961,701.701,560.906
461.962,481.765,792.843,497.078
404.687,577.711,707.734,578.352
386.085,549.28,693.518,544.166
373.133,484.724,693.143,475.506
