244.975,198.067,35.4086,208.459
594.957,189.581,396.777,209.802
617.862,188.091,418.619,208.975
607.676,198.762,408.736,219.083
607.12,191.065,408.357,211.576
753.182,185.065,544.423,209.741
672.093,184.989,470.493,207.494
708.874,183.257,504.332,206.838
724.557,184.266,518.604,208.222
711.143,185.828,506.397,209.35
711.208,184.396,506.46,207.987
659.835,184.676,459.012,206.854
779.029,183.117,567.486,208.588
784.376,180.995,572.229,206.736
754.131,199.884,545.253,223.772
763.019,226.062,553.175,248.697
766.088,203.169,555.946,227.151
764.544,201.195,554.57,225.254
768.535,203.053,558.129,227.098
690.073,202.823,487.052,225.059
743.914,200.475,536.071,224.091
688.152,208.894,485.268,230.831
745.142,202.518,537.173,226.055
757.047,208.184,547.855,231.684
763.154,227.546,553.294,250.101
737.719,213.526,530.463,236.327
653.793,190.083,453.289,211.9
743.443,202.886,535.643,226.364
762.898,223.33,553.071,246.114
679.159,189.256,477.021,211.78
694.783,202.668,491.383,225.021
749.571,192.359,541.171,216.545
689.561,194.802,486.601,217.364
739.669,194.215,532.256,218.056
764.173,226.103,554.207,248.757
738.185,215.849,530.88,238.541
781.899,224.805,569.991,247.862
744.822,207.833,536.877,231.082
715.23,228.168,510.034,249.812
747.916,219.182,539.643,241.899
360.064,329.456,158.412,346.996
369.414,354.164,168.091,372.44
379.183,317.897,180.384,335.136
381.102,319.302,182.327,336.58
574.746,310.007,377.579,327.6
603.961,339.606,404.15,356.634
503,346.537,318.536,364.206
504.993,346.556,320.513,364.215
615.958,329.363,415.702,346.586
491.975,345.03,294.409,362.451
502.007,333.341,317.604,351.013
763.279,277.948,553.341,297.756
771.245,353.144,560.37,368.967
771.937,338.781,561.004,355.361
767.937,318.819,557.455,336.466
761.812,350.123,551.933,366.152
762.737,257.205,552.883,278.128
762.896,262.48,553.018,283.118
768.18,295.083,557.701,314.003
764.6,261.143,554.544,281.874
722.075,277.154,516.168,296.638
730.068,325.292,523.339,342.608
763.723,247.633,553.777,269.091
772.081,330.232,561.142,347.269
757.965,249.367,548.621,270.649
770.153,261.076,559.503,281.877
737.873,280.71,530.488,300.162
770.684,254.037,559.984,275.237
757.368,318.359,547.99,336.02
769.843,308.136,559.17,326.358
743.943,312.125,535.918,330.076
771.816,335.344,560.9,352.108
755.812,283.208,546.642,302.677
777.668,331.93,566.121,348.867
759.816,348.487,550.145,364.609
774.193,299.131,563.061,317.86
765.69,300.112,555.469,318.749
768.627,334.202,558.053,351.033
734.406,328.857,527.266,346.006
763.429,261.339,553.497,282.046
775.539,282.533,564.278,302.191
754.419,283.241,545.392,302.698
755.959,294.281,546.759,313.176
782.943,337.007,570.808,353.654
773.523,287.919,562.477,307.263
763.19,270.418,553.271,290.631
756.117,297.909,546.895,316.617
780.678,341.951,568.79,358.332
724.997,285.299,518.809,304.433
684.337,278.854,481.567,297.932
757.776,310.9,548.366,328.944
744.15,304.046,536.117,322.394
727.779,315.287,521.279,333.058
754.827,249.77,545.806,270.986
763.708,282.045,553.719,301.637
764.592,301.556,554.485,320.112
775.827,277.154,564.541,297.116
753.774,265.072,544.839,285.469
730.997,342.96,524.15,359.47
733.488,342.996,526.409,359.495
728.75,342.529,522.11,359.067
770.215,301.116,559.511,319.719
771.484,265.346,560.685,285.924
232.208,399.591,17.9015,421.732
228.927,398.73,14.2174,420.875
231.318,405.659,16.821,428.211
224.148,393.711,8.88968,415.609
234.059,413.11,19.8145,436.089
400.284,466.72,213.611,487.897
399.02,449.182,212.405,469.924
399.795,370.232,213.693,388.973
362.864,391.695,160.8,411.256
397.04,423.158,210.506,443.26
398.336,440.439,211.747,460.966
395.089,397.22,208.637,416.687
395.812,405.967,209.335,425.647
393.841,380.095,207.445,399.145
396.33,414.439,209.821,434.328
394.523,388.718,208.101,407.977
393.136,371.55,206.765,390.394
365.041,418.984,162.855,439.435
452.534,386.96,267.716,405.36
357.125,385.063,154.763,404.48
364.517,426.583,162.228,447.309
454.564,411.861,269.651,430.547
435.97,462.198,250.446,482.156
616.052,469.32,415.15,483.696
504.875,367.77,320.312,385.434
506.933,366.927,322.356,384.571
510.994,413.883,326.196,431.497
524.574,459.66,339.44,476.968
520.65,432.358,335.671,449.774
508.971,390.255,324.284,407.884
504.101,445.242,305.906,462.893
519.759,406.888,334.885,424.34
494.695,402.262,296.762,419.901
506.346,469.488,307.997,487.196
520.958,439.961,335.947,457.368
780.197,425.308,568.277,437.247
746.069,466.109,537.592,476.891
782.23,442.965,570.07,453.946
773.921,373.16,562.736,387.91
784.781,388.897,572.392,402.691
744.023,434.571,535.792,446.8
778.43,411.123,566.716,423.831
737.806,388.198,530.243,402.611
775.962,390.249,564.538,404.082
742.882,435.951,534.758,448.143
782.212,441.392,570.056,452.455
773.679,445.147,562.439,456.214
753.942,430.536,544.75,442.741
782.808,446.862,570.581,457.629
775.312,461.918,563.879,472.108
787.095,409.935,574.429,422.562
744.877,427.162,536.576,439.705
774.308,463.742,562.98,473.869
763.831,368.17,553.719,383.268
747.37,371.894,538.915,386.956
758.994,471.332,549.24,481.517
747.776,427.487,539.195,439.957
741.617,395.595,533.68,409.623
772.866,368.213,561.8,383.232
757.924,462.532,548.289,473.154
762.613,421.582,552.557,434.043
765.797,395.411,555.446,409.113
772.595,413.237,561.506,425.934
744.508,460.269,536.19,471.349
736.241,447.141,528.722,458.997
764.032,365.231,553.903,380.477
732.92,366.145,525.852,381.599
766.01,397.872,555.633,411.448
753.099,361.305,544.092,376.83
752.964,406.112,543.905,419.483
768.794,395.281,558.129,408.949
769.686,414.763,558.903,427.433
735.073,432.057,527.688,444.586
761.451,374.119,551.577,388.939
762.277,365.357,552.33,380.611
784.986,460.899,572.506,470.887
784.938,462.883,572.462,472.77
752.507,458.965,543.415,469.894
764.915,477.046,554.552,486.793
772.231,385.11,561.213,399.255
750.77,405.166,541.93,418.616
758.699,378.947,549.101,393.555
754.736,363.743,545.561,379.136
784.021,453.858,571.654,464.234
250.937,540.764,52.4547,571.563
206.727,550.112,2.69327,583.937
253.366,540.55,55.1567,571.21
229.837,548.343,13.3498,580.704
310.405,565.933,102.603,594.927
348.55,538.388,158.702,564.131
422.977,563.448,236.539,586.23
346.626,501.07,156.925,525.358
410.85,547.304,209.917,570.197
423.663,572.085,237.197,595.055
442.964,554.156,243.131,575.612
439.081,505.316,253.399,526.01
467.29,537.18,268.15,557.127
347.481,510.216,157.769,534.842
527.929,518.157,342.538,535.384
574.187,548.377,387.588,563.481
580.033,551.251,393.225,566.058
582.953,518.833,396.121,533.813
605.593,557.376,417.732,570.901
607.003,540.568,406.187,554.172
755.895,554.11,546.333,560.723
754.068,532.022,544.716,539.662
754.141,534.136,544.779,541.681
750.18,507.051,541.243,515.918
777.997,487.988,566.249,496.81
778.332,563.228,566.469,568.419
773.912,506.947,562.577,514.983
757.796,579.96,548.01,585.384
754.83,538.918,545.394,546.229
777.336,513.698,565.631,521.287
747.943,548.126,539.158,555.34
765.104,537.531,554.644,544.479
750.466,508.054,541.5,516.867
753.999,508.057,544.689,516.744
753.966,507.972,544.659,516.664
780.384,534.015,568.332,540.506
757.027,507.111,547.419,515.733
754.001,528.802,544.66,536.584
781.582,530.715,569.405,537.318
770.944,528.165,559.895,535.308
753.977,506.152,544.672,514.924
781.135,539.902,568.997,546.079
760.342,531.128,550.371,538.555
770.983,572.928,559.878,578.018
744.893,523.996,536.435,532.339
778.033,552.054,566.213,557.784
768.741,571.952,557.867,577.193
