227.738,250.578,204.04,4.72806
240.725,256.888,218.437,10.4436
242.312,250.08,219.156,2.88092
237.616,259.211,215.524,13.2463
240.269,249.309,216.92,2.2215
245.945,247.784,222.629,0.0463562
207.272,330.654,194.264,91.962
211.31,342.91,200.085,104.357
270.056,346.171,260.156,102.684
203.583,340.2,191.859,102.217
300.67,349.09,291.586,103.074
178.671,338.033,166.239,102.062
242.754,343.315,232.068,102.074
299.749,350.792,290.845,104.915
289.003,348.114,279.627,103.067
474.992,347.494,468.793,86.8102
321.936,352.688,313.57,104.97
498.039,350.721,492.483,88.1843
485.053,351.053,479.273,89.6498
489.084,348.97,483.251,87.1325
501.223,348.181,495.581,85.262
504.128,349.93,498.643,86.8348
131.802,439.046,134.507,207.999
125.359,434.211,127.397,203.783
85.6017,410.784,84.2108,183.943
68.0461,477.947,78.1078,251.016
72.3643,443.667,76.6229,217.486
143.172,434.978,145.128,203.061
142.726,432.16,144.263,200.324
309.813,431.823,309.864,186.069
311.074,436.215,311.581,190.314
313.078,417.008,311.538,171.063
313.99,411.823,311.897,165.801
308.006,463.705,311.445,217.539
310.901,440.119,311.822,194.183
178.024,383.627,172.268,148.871
176.857,389.027,171.879,154.412
168.145,394.178,163.909,160.349
314.159,409.213,311.788,163.171
167.935,396.954,164.106,163.157
177.697,383.45,171.915,148.719
169.78,441.419,172.365,207.157
308.202,443.829,309.541,198.059
167.341,400.519,164.035,166.786
172.668,420.722,172.267,186.498
167.106,403.436,164.227,169.728
184.107,371.858,176.681,136.401
165.919,384.294,160.224,150.582
289.858,427.229,289.537,183.179
477.69,428.944,476.665,170.676
463.976,475.683,466.035,216.819
350.205,407.597,347.667,159.065
462.089,410.093,459.882,152.121
348.784,384.979,344.033,136.319
465.123,375.949,460.654,117.158
346.431,392.875,342.446,144.532
355.849,426.377,355.094,177.37
422.386,419.823,420.867,165.268
461.278,418.657,459.64,160.795
462.766,401.643,459.997,143.537
460.484,427.234,459.418,169.44
464.593,384.602,460.698,126.054
415.145,432.238,414.613,178.253
346.03,389.184,341.678,140.824
465.865,367.56,460.843,108.468
458.259,453.027,458.916,195.18
416.383,431.26,415.769,177.178
347.457,404.107,344.578,155.786
358.476,413.038,356.455,163.831
457.38,461.817,458.627,203.884
416.075,419.083,414.508,165.057
412.906,434.954,412.599,181.137
347.208,401.342,344.058,153.022
357.738,430.227,357.336,181.039
380.804,389.779,376.698,138.484
366.724,437.385,366.925,187.387
357.177,410.339,354.902,161.233
613.257,442.972,612.369,173.365
481.447,369.017,476.715,109.347
520.189,468.159,521.006,206.035
614.555,425.628,613.232,155.857
490.813,421.359,489.308,161.961
522.154,442.481,521.687,180.479
524.402,416.281,522.635,154.015
498.097,367.873,493.525,106.733
536.564,417.612,534.877,154.335
534.511,443.594,534.027,180.557
614.112,386.226,611.791,115.754
533.637,461.67,533.99,198.538
613.12,377.821,610.569,107.164
628.318,373.639,625.931,100.755
507.319,422.695,505.878,161.918
528.92,364.08,524.604,100.148
613.157,404.064,611.284,134.113
498.472,363.514,493.653,102.179
525.005,407.167,522.788,144.736
535.872,435.073,534.99,171.94
771.1,422.703,770.199,139.703
642.916,455.001,642.126,182.87
646.593,401.745,644.913,128.907
782.27,381.751,782.346,95.9226
706.893,385.076,705.729,106.631
721.316,379.043,720.377,99.1475
762.547,404.953,761.876,122.332
707.842,470.418,706.665,192.744
684.788,468.293,683.819,192.556
690.923,473.972,689.922,197.647
755.899,459.157,754.446,177.598
708.406,461.41,707.228,183.785
722.429,407.98,721.382,128.837
721.806,418.507,720.711,139.609
733.298,409.025,732.33,128.981
73.5207,498.211,86.7662,269.872
63.2706,513.109,79.2685,284.81
65.9492,515.682,82.2787,287.004
106.11,512.145,120.571,280.413
68.4417,523.138,85.8968,293.788
110.855,513.933,125.438,281.718
110.255,514.05,124.875,281.876
124.084,501.953,136.457,269.324
146.88,547.048,165.013,309.767
77.3117,518.07,93.6436,288.303
147.243,547.126,165.372,309.809
120.231,531.013,137.059,296.994
117.083,536.867,134.897,302.706
147.894,543.391,165.473,306.289
86.4834,511.484,101.465,281.368
62.4706,486.728,74.1323,259.886
123.42,508.159,136.741,275.256
147.04,514.908,160.614,279.716
132.13,564.71,153.386,327.267
145.096,546.994,163.292,309.866
147.844,509.061,160.558,274.128
142.832,546.919,161.108,309.986
151.2,518.283,165.12,282.541
144.976,529.671,160.724,293.75
151.005,520.611,165.261,284.747
138.952,572.652,161.025,333.998
296.443,511.036,305.108,263.999
174.451,518.839,187.7,281.204
173.825,521.228,187.418,283.503
298.466,520.5,308.065,272.799
172.601,523.774,186.58,285.995
296.487,544.456,308.64,295.451
296.845,543.452,308.881,294.485
470.24,563.971,477.532,301.762
463.639,582.912,472.331,319.855
469.012,577.719,477.168,314.631
471.584,550.664,478.038,289.206
458.186,525.036,463.517,264.664
454.611,488.013,457.628,229.599
460.919,551.755,467.844,289.585
472.805,536.297,478.366,275.569
474.896,512.642,478.988,252.885
473.721,526.617,478.678,266.316
465.176,505.966,469.124,245.939
475.041,508.443,478.879,248.846
473.837,522.398,478.539,262.291
517.112,572.697,523.057,306.163
614.882,516.746,615.843,244.118
576.919,556.528,580.019,286.296
630.948,518.443,631.576,244.439
503.88,570.792,510.25,305.442
568.351,574.882,572.381,304.13
512.792,551.031,517.851,286.257
513.985,537.206,518.328,273.12
511.709,565.064,517.494,299.484
515.182,523.517,518.819,260.017
510.5,579.03,517.015,312.563
517.701,495.806,519.918,233.192
599.997,541.162,601.9,269.952
484.568,517.303,488.686,256.561
550.644,526.922,553.474,260.398
500.433,535.732,505.114,272.814
503.233,493.94,505.64,232.568
774.367,532.233,771.527,247.38
728.731,580.75,726.741,296.863
730.046,556.911,728.146,274.404
786,497.888,783.585,213.251
729.354,568.691,727.409,285.54
730.765,544.97,728.915,263.043
785.069,516.531,782.289,231.416
773.092,535.66,770.224,250.761
731.363,533.139,729.571,251.727
766.852,504.836,764.618,221.58
740.034,572.619,737.691,288.369
670.962,578.117,671.133,298.997
658.424,564.245,658.901,287.03
673.013,554.232,672.904,276.446
671.579,565.906,671.619,287.538
713.818,584.126,712.38,301.189
714.626,572.125,713.18,289.931
642.828,521.947,643.158,248.185
706.875,578.374,705.704,296.384
732.974,587.077,730.784,302.413
714.274,547.848,712.887,267.1
707.456,566.84,706.265,285.551
645.888,573.911,646.947,297.069
715.665,548.013,714.237,267.144
733.671,575.138,731.535,291.232
716.614,536.176,715.188,255.817
647.419,547.751,648.03,272.378
734.215,563.209,732.141,280.003
