283.116,70.3246,114.352,44.1748
276.311,57.0262,109.256,29.1392
276.871,59.0992,109.514,31.3763
378.782,19.225,222.678,13.2859
474.41,90.9438,307.65,103.754
455.953,94.2459,288.863,103.424
421.58,100.328,253.48,102.735
443.841,97.8032,276.238,104.578
363.784,112.7,192.425,103.709
433.801,99.6714,265.888,104.471
466.069,93.6647,298.991,104.812
440.306,97.0785,272.813,103.174
434.277,98.216,266.592,103.124
373.348,110.187,202.711,103.079
374.935,110.556,204.289,103.762
451.52,95.019,284.331,103.324
429.202,110.244,259.549,114.038
415.156,107.603,245.816,108.699
381.496,113.729,210.512,108.229
430.574,98.9378,262.759,103.115
416.609,94.5802,249.339,96.0498
424.95,99.8353,256.957,102.905
352.149,114.794,180.006,103.508
565.829,78.2771,399.057,109.093
632.023,73.3138,461.587,116.667
636.498,109.451,460.559,151.79
537.017,83.1292,370.839,108.325
635.258,41.9115,468.949,87.4935
633.029,38.7436,467.349,84.07
524.131,89.1401,357.533,111.706
577.159,75.313,410.214,108.38
542.742,75.9523,377.394,102.474
516.444,100.173,348.443,120.975
594.462,89.049,424.499,124.763
571.203,75.0233,404.626,106.979
592.32,86.2096,422.901,121.65
667.287,95.1181,492.593,143.996
667.693,93.3509,493.198,142.399
718.337,104.808,537.429,162.049
719.959,114.759,537.583,171.639
684.352,81.0682,509.963,133.8
661.012,59.021,491.664,108.772
710.543,56.6053,536.741,115.592
659.66,36.6433,492.028,87.1452
665.034,75.2396,493.179,124.819
672.689,32.1239,504.493,85.3581
715.586,31.1484,543.134,92.4853
275.619,218.664,81.7548,194.801
276.694,214.533,83.5922,190.737
270.115,223.314,75.0615,198.606
348.835,193.331,163.823,182.23
342.57,141.003,165.68,128.069
349.028,193.245,164.037,182.178
360.167,210.203,172.969,201.357
351.958,161.877,172.169,150.976
358.755,203.564,172.562,194.386
360.743,214.694,172.848,206.005
358.051,199.386,172.499,190.032
358.58,201.912,172.645,192.683
349.784,148.335,172.077,136.878
345.266,155.965,166.087,143.723
358.274,199.323,172.742,190.009
347.964,148.198,170.178,136.387
360.065,211.52,172.65,202.672
342.991,183.149,159.381,170.843
359.747,209.16,172.698,200.227
362.71,157.892,184.012,148.981
522.393,136.684,348.742,157.608
522.457,137.357,348.703,158.275
569.553,159.266,390.698,187.826
530.463,154.262,353.927,176.16
590.029,131.305,414.187,164.47
524.517,124.846,352.572,146.472
592.778,140.044,415.504,173.344
591.612,130.775,415.755,164.241
530.916,141.839,356.221,164.154
562.585,151.516,385.199,179.129
581.664,143.508,404.506,174.734
487.908,156.097,310.97,170.203
564.654,152.414,387.04,180.358
545.727,149.988,369.281,174.695
490.078,171.501,310.766,185.721
524.341,126.781,352.112,148.322
532.307,138.739,358.028,161.39
577.114,144.599,400.036,174.99
527.424,153.442,351.108,174.825
655.762,198.154,465.574,239.355
672.088,193.174,483.929,237.642
780.856,231.503,576.471,290.211
768.454,220.284,566.994,277.94
713.271,180.485,522.994,232.202
662.186,168.926,478.087,213.024
684.637,223.564,491.356,268.424
751.195,229.359,550.541,283.867
726.911,179.321,535.387,233.271
754.315,202.632,556.767,259.343
697.725,182.142,508.74,231.288
754.316,202.934,556.729,259.625
749.812,202.462,552.794,258.498
662.671,182.964,476.655,226.437
690.749,198.725,500.219,245.849
757.56,202.138,559.705,259.376
662.606,183.381,476.539,226.823
649.837,165.614,464.753,207.442
648.866,156.767,465.119,198.87
738.073,226.737,539.189,279.467
290.664,288.918,86.3132,269.901
293.042,303.631,86.4378,285.484
290.958,310.433,83.0786,292.18
290.842,303.853,84.0403,285.359
293.257,302.861,86.7953,284.723
287.54,305.787,80.1727,286.828
308.182,289.116,105.123,272.989
295.446,303.387,89.0552,285.618
298.601,302.775,92.5462,285.495
301.564,301.565,95.9424,284.728
305.85,297.109,101.295,280.833
275.504,261.074,74.6142,238.58
307.58,296.236,103.299,280.216
327.155,294.075,124.596,281.173
352.396,283.663,153.02,274.628
382.861,320.248,178.957,316.596
367.973,269.306,171.59,262.568
386.039,288.687,187.315,285.122
366.767,252.259,173.096,245.089
386.84,283.773,188.931,280.28
386.244,283.947,188.285,280.361
360.914,293.114,160.418,285.615
365.115,254.11,171.054,246.685
358.892,280.383,160.353,272.341
382.327,345.552,174.338,342.203
378.041,322.562,173.561,318.211
355.027,256.414,160.17,247.338
381.937,346.553,173.771,343.163
358.11,276.955,160.088,268.729
380.816,351.066,171.855,347.583
499.064,248.732,307.877,263.226
503.336,264.078,309.76,279.025
503.94,267.389,309.849,282.382
507.97,295.672,309.52,310.885
505.043,290.097,307.48,304.945
503.946,282.125,307.611,296.913
522.534,304.817,323.565,322.203
515.98,351.934,308.859,367.586
520.524,263.361,327.866,281.156
631.518,294.31,429.477,327.714
731.278,282.061,525.879,330.516
684.572,297.096,477.969,337.794
753.675,279.991,546.182,331.67
687.891,251.425,490.623,295.34
689.943,264.98,490.694,308.505
703.063,295.009,495.127,338.367
783.706,257.718,575.617,315.028
663.062,313.044,455.974,350.06
744.184,280.808,537.609,331.126
741.299,256.364,538.214,307.751
668.807,279.102,466.055,318.435
736.335,290.376,525.769,338.557
676.692,278,476.824,318.984
698.414,268.26,497.979,312.836
762.249,266.948,555.49,320.639
762.971,269.601,555.787,323.223
762.974,253.956,557.811,308.587
680.064,270.876,480.87,312.685
677.807,280.442,477.521,321.469
764.448,266.897,557.446,320.899
679.734,308.086,471.979,347.596
693.976,306.886,485.188,348.397
375.046,381.07,161.035,377.319
454.903,446.712,233.07,454.234
578.343,438.549,357.75,460.895
623.261,415.054,404.142,443.266
633.37,474.694,404.982,502.318
600.02,450.275,376.845,474.86
499.198,470.868,279.787,484.25
529.108,441.936,308.115,458.338
526.999,441.093,306.151,457.251
526.746,440.262,306.043,456.399
638.103,398.689,420.517,429.204
611.134,459.292,386.131,484.906
715.566,431.356,487.525,469.575
714.576,441.081,485.249,478.74
753.214,438.16,520.643,480.177
699.595,460.464,468.779,495.65
762.671,399.565,534.465,444.779
681.55,475.943,449.909,508.61
778.469,430.812,544.227,475.984
777.392,460.435,539.186,503.785
717.425,422.657,490.445,461.494
667.272,439.159,441.934,471.652
682.05,386.858,463.112,423.165
652.171,405.705,432.679,437.67
750.391,464.465,514.44,504.803
315.689,489.293,85.2067,481.621
330.419,484.411,101.728,478.291
450.253,565.087,214.25,573.802
473.117,577.865,237.333,589.025
444.947,566.057,208.756,574.287
459.606,538.607,227.442,547.859
440.639,564.695,204.538,572.49
424.785,560.02,188.887,566.191
453.187,573.086,216.104,582.203
342.588,486.555,114.337,481.942
414.974,556.483,179.261,561.615
443.353,568.603,206.737,576.724
579.358,524.205,349.851,545.567
532.876,522.225,304.555,538.942
576.025,520.106,343.306,540.837
590.943,531.672,360.129,554.066
521.435,541.144,290.765,556.684
589.632,537.14,358.176,559.326
606.123,532.94,374.589,556.78
590.933,534.61,359.751,556.959
629.603,493.44,398.672,520.156
511.562,528.806,282.517,543.358
560.246,544.942,328.596,564.224
571.137,550.705,338.508,570.967
573.551,554.098,340.431,574.551
577.581,553.139,344.476,573.978
569.792,554.946,336.659,575.04
530.545,563.959,296.879,580.355
536.46,538.521,306.009,555.538
568.722,554.32,335.694,574.321
526.438,490.547,302.25,506.707
498.759,542.166,267.953,555.478
525.403,542.17,294.579,558.098
497.276,545.263,266.058,558.444
601.299,516.77,368.217,540.081
559.876,565.942,325.563,585.031
575.25,544.08,343.352,564.802
561.125,564.106,327.021,583.322
563.567,556.029,330.438,575.534
559.133,569.177,324.422,588.176
560.632,567.625,326.09,586.771
703.572,531.703,466.425,564.78
750.235,535.904,508.55,573.07
783.344,552.001,536.44,591.291
765.051,509.572,521.343,549.037
696.135,528.978,459.885,561.464
661.097,498.42,427.617,528.202
775.419,549.827,529.6,588.545
751.449,547.957,508.23,584.675
691.019,531.094,454.894,563.026
752.587,554.026,508.545,590.565
737.416,546.172,495.705,581.732
771.52,542.026,527.013,580.795
773.59,541.733,528.905,580.699
738.717,544.158,497.127,579.921
733.968,542.044,493.054,577.475
770.523,544.161,525.869,582.735
733,540.644,492.338,576.048
730.361,539.526,490.064,574.74
769.746,551.825,524.276,589.952
730.212,552.921,488.338,587.56
738.817,553.909,496.064,589.257
762.686,525.335,521.026,564.137
730.671,555.107,488.497,589.695
