316.36,107.078,82.4544,131.831
302.079,66.4217,63.5729,90.0984
257.713,81.3128,16.135,107.105
262.034,80.9688,20.0801,106.48
262.04,80.9242,20.0834,106.433
315.962,95.5071,81.0878,119.85
257.313,81.1187,15.6744,106.915
314.742,68.4843,77.5777,91.8759
265.733,68.8724,23.2831,93.6737
268.078,98.7495,28.3063,124.938
267.292,80.4242,25.9407,105.741
313.491,117.382,80.228,142.642
267.965,98.3889,28.1505,124.563
310.917,102.023,76.097,126.791
309.823,60.164,71.5388,83.3834
263.182,98.3634,23.5563,124.814
305.501,37.3659,65.0031,59.8265
307.985,73.2386,70.5715,97.0056
306.796,87.5384,70.4324,111.897
291.318,41.2131,49.6426,64.1219
281.33,33.9798,37.9665,56.7806
268.911,105.953,30.4816,132.549
323.435,114.876,90.8971,139.647
351.778,19.5995,113.972,40.6687
330.385,108.095,97.833,132.354
327.728,56.3965,90.8183,79.0296
328.067,91.2217,93.9565,115.0
329.293,93.54,95.4767,117.355
369.121,62.1285,135.804,83.864
356.016,26.8204,119.098,48.007
438.621,105.615,212.24,125.877
370.06,96.9183,139.587,119.426
363.169,44.0055,128.111,65.4749
328.332,66.6294,92.2702,89.581
465.253,37.734,234.348,57.1105
465.89,39.4252,235.13,58.7881
426.673,95.804,199.101,116.396
426.165,95.4863,198.548,116.092
443.924,105.675,217.709,125.75
399.32,39.919,166.284,60.5897
455.585,50.9669,225.361,70.519
455.927,50.8518,225.702,70.3961
336.853,98.2806,104.144,121.998
352.447,66.1215,118.404,88.4171
364.293,68.6908,131.278,90.7251
336.342,77.4458,101.919,100.528
400.07,39.6748,167.054,60.3271
436.343,57.9719,206.12,77.9928
430.57,97.5192,203.277,117.997
359.251,93.2942,127.895,116.102
556.228,115.121,331.096,131.167
570.653,112.563,344.848,128.148
535.758,117.554,311.208,134.291
534.934,106.914,309.566,123.851
546.573,116.343,321.745,132.71
601.437,64.2878,371.14,80.39
613.37,81.2727,383.789,96.5055
549.911,36.9185,318.75,54.7298
572.707,56.464,342.634,73.4009
563.886,104.41,338.827,120.599
623.128,94.5522,394.253,109.07
592.364,51.1418,361.288,67.8242
563.328,102.211,338.114,118.47
538.395,70.0864,311.229,87.7274
573.222,54.0081,342.943,70.9963
528.312,110.887,303.253,127.979
568.673,18.4214,335.959,36.4256
622.391,111.592,395.003,125.541
572.963,94.1443,345.805,110.128
572.442,92.9669,345.209,108.995
580.542,35.2951,348.716,52.664
626.753,111.777,399.68,125.658
572.926,79.4673,344.631,95.8185
625.741,98.9723,396.842,113.213
614.469,96.835,386.35,111.556
613.964,109.631,386.298,123.842
576.798,10.8618,343.106,28.9306
604.707,75.8936,375.433,91.5903
604.826,75.6662,375.529,91.3671
573.37,100.167,346.667,115.988
625.632,99.3854,397.671,113.763
560.517,75.3641,332.104,92.12
503.921,101.325,278.392,119.382
572.867,68.5657,343.728,85.1927
630.395,61.2334,398.19,76.735
556.969,75.8195,328.678,92.6594
630.097,111.117,402.786,124.911
631.615,71.4936,401.157,86.7587
529.295,58.6283,300.145,76.471
559.843,77.5827,331.619,94.3074
676.195,99.7457,443.866,112.378
663.673,101.246,432.374,114.191
784.679,34.0422,536.775,48.1018
783.423,32.4979,535.551,46.6862
676.071,88.0771,442.859,101.268
662.926,89.5103,430.78,103.003
784.14,63.9112,538.549,75.8662
776.637,72.4843,532.571,84.01
784.878,75.3378,540.06,86.4699
658.429,107.524,429.07,120.537
669.655,94.0311,438.479,107.315
682.263,111.337,451.201,123.361
779.167,84.471,535.764,95.1165
685.064,84.519,451.803,97.8
775.093,113.292,534.284,122.066
736.347,106.547,499.375,116.996
702.834,114.665,469.575,125.719
656.677,85.5992,425.743,99.6279
691.991,108.553,459.004,120.247
688.972,100.122,456.434,112.48
730.328,97.4408,493.186,108.6
647.776,78.0416,415.679,92.4258
683.282,34.6629,445.352,50.2811
735.342,73.4508,495.961,85.9232
647.114,75.3413,415.059,89.8917
728.094,26.1112,485.756,41.545
739.867,64.83,499.378,77.7234
684.79,84.2182,451.527,97.5216
685.252,35.536,447.235,51.0782
690.191,47.2867,452.676,62.1459
649.18,102.341,419.057,115.708
675.278,74.833,441.03,88.6599
683.41,104.113,450.825,116.307
699.073,112.723,465.99,124.003
649.163,63.8839,415.891,78.8265
672.471,72.4746,438.456,86.5199
734.679,42.6161,493.026,56.9693
675.328,72.2083,441.079,86.1962
670.424,72.2294,436.545,86.337
695.284,55.9059,458.153,70.2473
264.564,138.226,27.2254,166.488
264.207,138.207,26.8298,166.486
262.256,222.117,31.7823,254.88
266.577,221.703,36.5947,254.148
266.671,222.055,36.7285,254.511
272.019,222.079,42.7137,254.17
271.897,211.02,41.7073,242.569
309.801,132.988,77.4379,159.0
279.438,229.157,52.1034,261.122
314.76,127.599,82.4407,153.189
281.252,230.397,53.8329,262.265
258.485,126.568,20.2816,154.607
295.001,203.572,67.0162,233.308
270.476,145.74,34.9225,174.148
260.915,130.326,23.1023,158.425
294.232,158.25,62.3862,186.05
257.473,147.37,20.4574,176.498
412.028,215.945,193.509,238.683
390.087,219.86,170.802,244.055
439.446,215.844,221.928,236.878
429.962,213.386,211.942,234.981
402.59,218.013,183.801,241.377
448.88,211.914,231.313,232.346
458.405,213.892,241.215,233.756
448.777,212.801,231.277,233.244
430.083,214.675,212.169,236.276
411.959,216.215,193.458,238.961
412.18,219.623,193.96,242.405
343.134,236.907,122.427,264.716
345.929,227.527,124.62,254.844
421.758,220.862,204.03,243.053
449.171,217.796,232.076,238.243
409.824,139.264,185.149,161.029
330.286,129.342,99.5177,154.326
469.862,137.545,247.713,156.821
334.278,220.364,111.705,248.247
421.242,216.458,203.144,238.627
323.424,125.967,91.7768,151.128
388.544,189.362,166.722,213.039
385.75,191.844,163.968,215.73
390.146,189.505,168.424,213.094
384.329,231.197,165.626,256.005
378.961,214.802,158.661,239.6
383.434,195.504,161.81,219.601
377.372,153.033,152.035,176.535
378.31,180.65,155.234,204.717
395.78,191.46,174.515,214.765
388.07,225.076,169.089,249.507
397.635,194.255,176.689,217.504
401.574,196.143,180.975,219.197
348.634,233.92,127.992,261.245
468.435,230.244,252.719,249.519
381.231,151.078,155.932,174.348
467.607,218.656,250.964,237.969
376.702,143.372,150.56,166.692
387.58,236.502,169.484,261.203
333.073,205.921,108.639,233.34
596.863,204.134,377.311,216.147
487.388,232.568,272.069,250.624
571.278,224.608,354.27,237.561
527.405,228.003,311.623,243.57
577.954,200.09,358.82,213.24
542.223,122.039,319.024,138.624
564.668,202.221,346.119,216.048
627.809,185.891,405.323,196.876
578.357,222.015,360.912,234.607
570.401,220.266,353.083,233.369
571.501,220.32,354.153,233.357
497.928,227.242,282.236,244.653
527.264,223.828,311.157,239.457
591.762,200.233,372.12,212.633
577.535,230.399,360.77,242.839
535.359,234.475,319.974,249.458
509.817,231.365,294.436,247.998
503.117,210.674,286.127,227.878
570.541,220.769,353.258,233.853
602.015,221.341,383.568,232.561
564.955,226.503,348.287,239.796
578.192,207.078,359.592,220.044
581.908,141.754,358.164,156.203
588.979,229.334,371.706,241.105
552.234,207.932,334.45,222.34
520.256,226.728,304.447,242.753
498.099,127.298,274.541,145.347
552.147,206.679,334.268,221.115
602.061,209.6,382.703,221.166
515.433,222.665,299.342,239.029
571.141,211.5,353.119,224.759
503.905,121.736,279.92,139.605
534.127,230.614,318.459,245.729
549.426,235.112,333.825,249.197
497.569,230.961,282.168,248.374
601.364,200.105,381.302,211.992
602.162,229.188,384.316,240.167
506.238,207.819,289.02,224.863
584.669,206.827,365.816,219.439
726.007,234.49,499.656,237.929
665.407,206.531,442.148,214.757
668.615,198.331,444.493,206.75
720.567,158.202,488.927,166.2
718.77,166.094,487.899,173.728
719.138,161.397,487.875,169.277
738.137,172.382,505.98,178.816
718.103,163.082,487.066,170.913
713.448,190.507,484.937,197.048
693.301,206.848,467.886,213.575
721.676,158.946,489.987,166.856
718.467,192.342,489.629,198.536
683.113,199.983,458.007,207.577
707.421,186.037,479.117,193.11
719.692,218.752,492.75,223.424
712.231,188.146,483.652,194.874
720.272,176.17,490.056,183.179
710.618,188.591,482.22,195.373
697.652,218.261,472.74,224.18
731.216,143.228,497.464,151.664
743.838,208.295,513.818,212.296
744.34,211.677,514.524,215.447
724.569,155.666,492.354,163.641
741.672,128.315,505.81,137.268
678.161,203.129,453.685,210.833
743.636,181.975,511.641,187.581
742.809,148.54,508.355,156.215
732.107,183.384,501.317,189.435
726.149,165.179,494.505,172.544
741.947,131.94,506.332,140.662
695.087,210.923,469.833,217.351
695.676,211.746,470.435,218.101
743.788,194.934,512.76,199.746
669.804,219.748,447.236,227.149
670.341,214.132,447.303,221.754
684.323,206.067,459.585,213.307
697.551,229.477,473.428,234.828
697.104,195.636,470.511,202.729
725.027,225.772,498.108,229.757
731.041,171.641,499.464,178.425
263.221,282.774,37.5674,318.664
265.199,330.659,44.4723,368.956
298.526,329.504,81.3911,364.537
307.475,330.043,91.2699,364.248
281.3,330.271,62.3985,366.991
267.829,330.099,47.3699,368.111
278.712,330.394,59.5316,367.369
286.823,336.769,69.0522,373.267
268.67,276.953,44.2213,312.134
259.394,336.046,38.4009,375.204
273.845,259.796,48.4656,293.682
315.506,319.891,98.7637,352.909
243.896,335.593,20.893,376.263
236.107,336.903,12.1681,378.43
293.391,323.49,75.2468,358.737
315.142,248.957,92.5742,279.177
274.501,288.113,50.965,323.336
271.381,336.295,51.842,374.284
256.669,323.905,34.3565,362.658
277.926,323.078,58.0097,359.762
290.561,270.906,67.6074,303.977
323.105,329.896,108.332,362.616
346.2,305.931,131.338,335.71
324.531,312.964,108.932,344.925
457.552,288.431,246.444,308.668
348.052,311.108,133.71,340.888
350.123,297.623,134.8,326.798
391.916,305.941,179.587,331.76
348.158,272.335,130.599,300.881
392.547,309.977,180.573,335.826
347.727,298.79,132.37,328.208
353.333,276.862,136.414,305.131
461.416,286.754,250.251,306.682
385.063,253.649,168.183,278.893
466.201,272.338,253.805,291.847
381.357,276.899,166.152,302.946
334.803,329.176,120.968,360.771
382.509,298.791,169.111,325.249
439.899,241.213,224.404,262.423
333.573,313.116,118.56,344.264
338.129,287.958,120.805,317.81
383.772,300.071,170.527,326.451
403.774,297.326,191.243,321.977
338.054,287.829,120.714,317.683
345.113,324.073,131.685,354.539
328.318,335.43,114.444,367.864
451.616,240.678,236.391,261.094
327.66,322.713,112.711,354.737
380.135,248.928,162.63,274.424
439.81,274.295,226.977,295.795
391.291,276.076,176.593,301.329
451.322,276.726,238.931,297.368
328.199,330.19,113.892,362.441
451.749,276.38,239.341,296.987
361.543,289.327,146.033,317.284
437.929,275.719,225.171,297.376
393.598,276.682,179.08,301.768
340.276,246.115,120.15,274.429
371.87,313.815,158.965,341.554
364.829,291.142,149.699,318.879
345.625,278.251,128.406,307.188
595.84,329.343,385.979,337.955
547.618,275.933,335.181,289.44
548.24,275.745,335.775,289.21
594.858,274.271,380.767,284.443
595.714,274.604,381.612,284.706
545.983,301.67,335.606,314.886
548.182,323.842,339.474,336.528
552.439,328.534,343.998,340.786
561.079,286.835,349.174,299.16
516.015,273.908,304.02,289.747
630.978,268.778,414.683,276.625
584.283,286.589,371.591,297.203
584.169,284.483,371.318,295.157
584.166,285.215,371.372,295.871
532.116,271.744,319.682,286.435
598.109,300.39,385.917,309.608
599.486,335.674,389.954,343.811
483.224,294.918,272.633,313.123
593.672,301.218,381.737,310.752
525.569,346.724,319.096,361.063
513.926,293.964,303.285,309.767
482.541,305.828,272.805,324.076
507.138,246.414,292.935,263.1
768.708,342.043,546.084,336.098
756.992,344.279,535.866,339.127
754.465,344.782,533.656,339.802
757.947,343.721,536.672,338.527
781.35,341.371,557.214,334.475
749.808,354.733,530.238,349.53
677.183,321.02,461.647,323.395
644.244,264.275,426.834,271.398
693.845,316.702,476.614,317.992
780.643,264.45,550.595,262.735
740.596,251.892,514.223,253.469
749.792,326.293,528.089,322.797
692.946,290.261,473.763,292.896
659.167,319.066,444.826,322.93
693.329,290.053,474.098,292.671
662.29,292.552,445.683,297.276
704.046,287.128,483.659,289.139
659.003,319.954,444.742,323.795
761.391,353.744,540.484,347.651
744.682,244.889,517.351,246.637
745.815,279.21,520.97,278.826
747.192,311.888,524.682,309.452
753.908,326.786,531.795,322.946
737.413,333.581,517.505,330.613
677.002,312.754,460.846,315.513
742.011,347.177,522.732,343.059
746.653,295.881,522.985,294.441
698.057,343.03,482.477,342.708
745.382,260.649,519.174,261.407
692.736,338.376,477.258,338.712
752.886,319.987,530.362,316.638
706.198,264.998,484.112,268.015
695.243,332.882,479.13,333.281
752.762,260.83,525.763,261.112
755.208,316.209,532.143,312.918
761.693,322.987,538.426,318.79
679.137,350.379,465.699,351.284
666.198,310.114,450.661,313.809
283.696,426.971,72.374,468.233
279.983,381.487,64.5587,420.885
277.594,385.568,62.2343,425.437
309.739,388.316,97.9296,424.764
275.963,419.76,63.1991,461.586
275.244,417.705,62.2318,459.51
290.257,419.301,79.0124,459.395
290.556,420.949,79.4766,461.087
271.974,464.602,65.7427,509.2
272.058,465.225,65.8864,509.845
296.864,363.753,81.7995,400.489
290.557,368.156,75.1953,405.76
273.932,370.28,56.9147,409.76
288.812,369.207,73.3506,407.047
292.625,400.367,80.0917,439.276
303.34,385.974,90.7236,423.022
286.22,405.209,73.4031,445.088
288.327,409.627,76.0936,449.478
263.251,402.842,47.6301,445.261
266.865,441.666,54.8356,485.786
287.554,408.447,75.1426,448.33
263.858,402.663,48.2952,445.001
267.597,453.883,56.6486,498.581
308.774,371.167,95.4857,406.983
305.472,371.531,91.8949,407.712
265.339,381.395,48.2215,422.401
286.167,396.057,72.6015,435.492
262.071,449.134,50.08,494.281
284.425,397.599,70.7965,437.307
264.407,393.944,48.2,435.74
317.408,370.444,104.866,405.321
281.897,374.519,66.1185,413.359
272.583,448.675,61.7876,492.449
256.268,457.898,44.2852,504.3
423.118,435.916,222.481,460.947
415.135,429.839,213.713,455.691
423.729,436.54,223.163,461.51
430.693,430.362,229.869,454.444
342.898,375.61,132.988,408.006
346.357,383.126,137.212,415.41
331.024,386.002,120.924,420.035
339.073,366.814,128.155,399.303
388.047,464.839,188.291,494.655
411.525,366.725,204.835,391.883
330.633,371.828,119.431,405.374
323.594,381.761,112.517,416.433
385.521,465.681,185.707,495.833
336.124,368.833,125.132,401.698
386.199,443.177,184.578,472.692
400.352,414.464,197.112,441.699
326.55,375.533,115.3,409.649
440.414,438.947,240.612,462.019
442.021,438.095,242.194,460.972
393.981,454.793,193.656,483.643
433.092,448.767,233.808,472.814
350.088,459.579,147.403,494.002
374.629,456.404,173.359,487.669
389.042,387.675,183.093,415.557
391.496,455.69,191.117,484.864
440.28,366.428,234.574,388.746
377.696,364.999,169.157,393.502
390.824,410.324,186.78,438.53
377.815,469.005,177.884,500.211
406.79,437.971,205.721,464.937
393.594,410.209,189.683,438.105
339.855,441.686,134.958,476.751
396.766,454.258,196.535,482.756
380.861,438.628,178.387,468.668
379.976,404.589,174.72,433.858
370.33,425.905,166.361,456.836
398.056,453.92,197.861,482.254
478.058,363.989,272.907,382.639
346.927,370.808,136.89,402.622
336.289,393.203,127.201,426.928
507.778,432.728,308.165,448.178
488.354,433.215,288.789,450.819
606.882,365.229,399.292,371.893
517.72,441.552,318.779,455.843
523.403,412.151,322.09,426.065
521.968,413.152,320.75,427.208
621.342,471.276,421.258,473.336
625.033,445.387,422.733,447.843
604.114,468.764,404.759,472.85
542.695,444.636,343.607,456.108
628.627,460.908,427.318,462.477
548.566,468.305,351.273,478.788
539.971,389.999,336.66,402.471
678.014,447.204,472.146,443.963
767.345,392.734,548.715,383.691
667.943,441.077,462.39,439.149
767.427,448.296,553.002,435.768
756.023,453.175,543.22,441.514
767.905,458.658,554.21,445.437
781.335,447.721,565.101,433.827
710.318,447.546,501.732,440.914
709.941,447.737,501.405,441.135
672.201,470.26,468.615,466.668
674.56,469.343,470.669,465.53
780.454,459.628,565.293,445.05
756.212,452.265,543.319,440.639
761.371,387.06,542.994,378.904
720.92,449.845,511.496,441.996
748.962,375.752,531.114,369.371
755.842,443.825,542.349,432.741
681.092,450.944,475.263,447.216
753.667,445.601,540.534,434.631
784.854,431.579,566.934,418.394
667.148,462.897,463.335,460.163
658.519,450.076,454.406,448.782
751.085,454.41,538.986,443.184
656.763,449.461,452.729,448.378
739.187,361.362,521.209,356.654
787.488,387.166,565.884,376.693
739.738,391.296,523.98,384.826
693.769,462.696,487.775,457.084
767.799,371.498,547.506,363.755
750.824,387.493,533.633,380.249
703.362,470.23,497.142,463.221
771.243,370.411,550.427,362.443
776.743,387.81,556.587,378.243
680.608,475.452,476.751,470.707
773.153,387.24,553.38,378.027
273.281,510.825,70.9568,557.677
273.368,510.395,71.0181,557.212
262.35,500.377,57.0192,548.27
280.912,498.914,77.3897,544.118
263.691,498.309,58.2208,545.903
301.813,538.315,105.299,582.304
246.347,541.954,44.4734,594.505
246.675,542.008,44.8484,594.511
257.525,500.233,51.6195,548.803
261.873,534.069,60.7224,583.831
268.721,539.954,69.1009,588.986
275.149,533.99,75.4559,581.756
251.111,540.796,49.634,592.553
299.663,547.027,104.112,591.706
211.045,535.9,3.70883,593.529
227.399,537.778,22.5485,593.0
285.082,542.977,87.5788,589.68
251.791,531.157,49.1036,582.279
249.04,529.79,45.8577,581.248
239.24,531.982,35.106,585.049
460.737,554.061,274.161,575.359
459.545,555.241,273.101,576.712
467.226,563.061,281.913,583.449
417.578,551.023,229.729,578.448
456.501,554.206,269.908,576.104
381.932,548.061,192.268,580.585
443.851,554.441,257.075,578.14
439.15,556.131,252.472,580.517
337.45,543.245,144.474,582.146
388.057,555.875,199.673,587.67
444.235,554.696,257.495,578.342
381.878,548.243,192.233,580.779
450.038,552.222,263.154,575.023
451.774,544.991,264.284,567.491
453.471,545.932,266.095,568.201
374.822,553.201,185.44,586.883
393.6,497.828,198.239,527.651
344.275,553.669,153.158,591.89
320.814,548.036,127.199,589.576
344.697,552.492,153.445,590.614
457.752,564.345,272.395,586.105
499.885,561.977,314.296,577.742
555.901,567.331,369.769,575.215
537.623,565.434,351.826,575.883
516.553,563.051,330.896,576.469
636.403,492.12,437.298,491.771
617.826,576.277,429.771,575.426
535.422,565.07,349.622,575.832
621.936,491.568,423.681,492.935
619.613,489.439,421.172,491.148
539.492,481.529,343.626,492.908
511.823,484.161,316.614,498.866
682.215,494.555,479.83,488.795
679.971,503.231,478.911,497.341
719.86,502.309,514.981,491.839
678.191,501.348,477.088,495.748
746.15,485.254,536.869,472.767
751.925,494.711,542.799,481.035
738.967,487.392,530.62,475.577
735.529,487.549,527.557,476.107
735.602,488.517,527.704,477.013
709.118,494.294,504.345,485.466
715.561,495.711,510.286,486.079
725.841,487.637,518.871,477.268
692.428,506.612,490.692,499.107
740.759,492.087,532.621,479.809
672.667,495.63,471.298,490.923
728.598,487.645,521.349,476.968
706.876,493.767,502.272,485.22
