316.037,117.957,73.1789,55.0032
300.14,76.5921,65.185,7.11621
299.392,77.0286,64.2511,7.30963
289.794,83.9977,51.8854,11.21
278.753,107.98,33.5217,32.2461
311.126,112.621,67.9673,47.6398
303.833,97.0885,63.9644,29.3445
443.976,112.355,207.58,88.8402
433.069,114.214,196.112,87.3981
431.548,103.117,197.263,76.0003
442.722,101.379,208.968,77.6814
371.759,80.7344,141.392,35.1095
385.947,96.5338,152.26,55.4196
384.392,96.8265,150.567,55.222
429.061,63.9845,205.264,37.0163
395.773,108.863,159.605,70.8319
361.561,67.6458,133.833,18.6354
425.413,98.9644,193.067,70.3123
386.08,111.767,148.932,70.7598
342.989,73.8641,112.43,18.7342
439.737,118.337,201.86,93.4559
417.589,77.1613,189.308,46.0485
426.293,96.668,194.51,68.3156
354.963,73.4855,125.762,22.4464
375.538,91.7431,142.88,47.4198
451.352,97.5487,219.404,76.7702
416.353,78.1433,187.808,46.63
332.378,91.8203,96.3571,33.3805
413.983,55.258,190.972,23.267
446.484,49.6637,225.114,28.1514
415.168,90.0796,183.883,58.1198
344.009,70.8314,114.283,16.0092
375.233,90.9657,142.754,46.5444
456.105,112.162,220.503,92.4536
416.737,92.0259,184.812,60.4766
361.327,82.5666,130.219,33.6519
360.966,81.2296,130.173,32.1915
416.755,90.3351,185.439,58.865
343.873,107.73,104.678,53.2279
401.534,88.2903,171.246,52.3433
437.583,85.9903,207.626,61.0285
346.208,110.518,106.621,56.8349
387.103,107.44,151.07,66.7554
545.44,56.3446,319.512,64.9582
546.523,57.6274,320.236,66.498
537.549,48.2885,313.928,54.9415
550.836,46.657,326.804,57.3697
527.306,38.2325,306.552,42.2593
539.372,75.0348,309.48,80.9544
532.125,84.0449,300.52,87.4357
557.542,72.2521,327.218,83.6058
555.77,70.2725,326.013,81.2141
532.154,84.2276,300.505,87.6187
540.516,86.5515,307.903,92.2646
563.594,36.2867,341.077,51.3704
563.563,76.402,331.894,89.2775
608.754,47.7238,379.914,75.3555
632.693,62.2623,398.221,95.6779
552.511,67.5496,323.582,77.6804
637.099,69.8449,400.479,103.935
559.099,83.557,326.086,94.7717
634.594,106.279,390.158,137.058
570.776,116.164,329.54,128.955
544.576,88.7265,311.241,95.509
584.931,50.8363,357.485,71.3664
579.491,48.0521,353.11,67.1605
575.692,110.508,335.407,124.962
564.155,113.133,324.092,124.259
615.719,96.9677,375.208,123.265
622.871,100.699,380.845,128.697
625.976,101.358,383.5,130.154
620.929,100.306,379.178,127.803
610.418,94.5696,370.932,119.568
561.76,110.908,322.358,121.481
560.408,107.975,321.763,118.32
483.992,42.1103,264.051,32.648
500.04,117.953,261.869,110.773
627.594,103.16,384.557,132.27
561.83,93.7479,326.354,105.225
560.48,36.7549,338.075,50.881
580.597,107.773,340.582,123.737
562.77,91.6945,327.703,103.546
572.421,45.03,347.269,62.2372
720.398,75.1347,471.958,131.304
720.503,75.2428,472.024,131.43
704.497,17.4613,470.751,74.7357
656.206,92.2497,412.52,129.872
659.088,94.4584,414.583,132.682
712.206,86.0429,462.624,139.046
657.408,92.993,413.42,130.88
730.885,82.9024,479.207,141.073
714.363,83.5672,465.001,137.363
713.799,84.0733,464.41,137.675
728.803,81.2945,477.785,139.079
728.018,80.6676,477.253,138.307
706.266,46.4096,466.05,101.477
727.261,42.85,484.67,103.956
707.663,45.2264,467.499,100.784
725.77,40.8601,483.833,101.757
709.74,42.1583,469.932,98.5693
656.909,66.4255,418.814,106.253
723.536,39.6856,482.193,100.091
653.968,70.3052,415.364,109.02
655.42,68.0202,417.149,107.313
700.257,55.3831,458.966,107.995
707.359,57.9226,464.513,112.223
722.706,38.2966,481.786,98.6111
711.402,64.3598,466.59,119.15
710.699,63.2111,466.236,117.92
708.763,60.723,465.114,115.143
726.21,61.0313,479.907,120.086
744.603,94.6894,488.356,155.256
668.544,100.662,421.559,140.915
725.637,62.2953,479.152,121.076
728.97,54.2105,483.697,114.664
728.103,58.0855,482.138,117.93
747.556,82.2632,493.399,144.81
702.349,96.9542,451.804,146.398
746.625,83.1819,492.423,145.397
661.793,57.0383,425.173,98.9633
749.795,81.0058,495.543,144.257
662.126,59.5164,424.923,101.334
756.312,75.1351,502.232,140.667
311.586,134.454,62.9486,70.1611
309.836,123.948,63.73,58.8396
318.006,138.414,68.9615,76.2491
302.545,136.165,52.4731,69.0121
309.992,230.764,36.3642,168.71
289.073,225.098,14.471,156.767
304.086,129.236,55.9604,62.3899
274.806,145.889,19.1351,70.1738
302.379,127.357,54.5637,59.9112
298.695,141.952,47.9555,74.0343
267.135,161.771,6.65497,84.2961
310.627,220.998,39.597,158.82
278.285,225.221,2.26678,153.719
280.268,139.546,26.9832,65.3792
309.342,229.401,35.9958,167.116
295.957,141.663,43.7837,72.5696
299.446,126.876,51.4509,58.4703
330.848,131.199,84.7771,72.9386
345.068,128.351,100.745,74.4944
377.394,216.398,113.181,173.172
376.511,215.231,112.536,171.746
387.119,226.852,113.827,185.226
359.049,213.056,94.4411,164.613
327.06,127.024,82.8754,67.7774
338.547,134.798,92.125,79.0022
444.93,207.157,185.675,182.557
468.121,213.859,207.468,195.38
360.193,234.999,90.1203,187.222
346.527,216.378,80.1012,164.425
395.177,125.454,155.015,87.2193
353.697,233.337,83.5428,183.726
471.688,224.059,208.591,206.336
405.238,196.857,147.32,161.351
358.456,156.033,108.241,106.676
334.6,222.622,65.5445,167.396
382.416,220.693,117.429,178.906
451.156,123.651,212.865,102.262
398.792,125.794,159.201,88.788
334.818,221.208,66.1443,166.011
457.867,207.571,198.672,186.458
469.157,125.369,229.717,109.035
383.432,232.532,115.542,191.128
359.59,219.822,93.3114,171.636
327.137,137.24,79.2114,77.9257
352.913,224.299,84.9902,174.305
471.064,221.334,208.62,203.497
447.864,227.088,183.816,203.05
377.571,237.645,108.039,194.688
451.638,125.885,212.11,104.419
334.943,224.668,65.3954,169.588
402.094,123.597,162.642,87.4717
392.671,205.969,131.902,166.949
468.879,217.75,207.292,199.402
465.98,123.127,227.097,105.921
446.768,219.571,184.528,195.325
334.106,218.818,65.9788,163.362
454.185,211.701,193.956,189.539
589.042,131.974,342.997,148.894
628.478,125.607,380.444,153.439
603.271,129.997,356.538,150.847
605.817,150.083,354.343,170.385
605.618,148.182,354.59,168.547
551.699,139.548,306.353,145.963
553.211,156.178,303.948,162.235
569.02,136.761,323.287,148.02
494.27,183.66,240.598,172.852
563.413,135.386,318.347,145.193
489.247,166.518,239.697,154.802
566.319,137.046,320.692,147.558
605.652,145.305,355.269,165.853
570.291,154.035,320.523,164.754
570.49,153.474,320.837,164.274
496.009,225.674,232.316,214.217
533.825,122.102,293.312,124.324
559.624,145.434,312.477,153.721
497.867,226.251,234.012,215.257
557.592,192.009,299.734,197.576
621.132,155.454,367.107,179.392
561.464,145.736,314.139,154.504
499.672,176.641,247.589,167.498
558.77,143.815,312.045,151.949
584.85,171.554,330.022,185.16
594.206,140.129,345.916,157.96
494.74,194.222,238.535,183.25
579.719,134.942,333.669,149.184
552.703,151.775,304.483,157.897
558.835,148.347,311.064,156.281
500.943,189.239,245.854,180.07
506.558,179.216,253.782,171.867
579.086,123.891,335.597,138.565
493.175,172.256,242.201,161.46
503.596,163.502,254.598,155.842
498.728,193.028,242.74,183.151
496.276,152.918,249.873,143.548
547.468,185.008,291.733,188.256
566.028,146.605,318.228,156.558
494.144,122.645,254.944,113.601
731.359,174.093,460.124,223.806
732.344,175.121,460.746,224.973
650.985,143.011,396.777,175.477
720.86,165.4,452.992,213.391
723.562,167.669,454.824,216.106
736.996,164.188,467.052,216.158
710.776,154.677,446.617,201.168
647.838,122.095,398.593,155.273
776.104,181.828,496.269,241.225
728.51,234.191,444.769,277.875
729.933,232.211,446.421,276.385
747.399,231.589,461.513,279.69
745.457,230.064,460.183,277.877
772.287,218.032,485.439,272.925
768.255,201.311,485.589,256.962
722.704,194.42,448.333,240.272
742.244,189.403,466.133,240.253
726.063,190.094,452.152,237.114
725.491,191.386,451.383,238.157
758.366,188.674,479.945,243.315
764.406,167.114,489.589,225.287
740.185,187.615,464.762,238.153
716.893,202.881,441.495,246.644
758.972,185.516,481.126,240.605
723.56,205.865,446.605,250.909
753.954,152.561,483.886,209.701
767.655,166.759,492.385,225.728
727.695,212.431,448.751,257.844
727.144,211.299,448.521,256.686
717.22,203.2,441.709,247.012
725.182,208.74,447.383,253.904
764.1,180.719,486.455,237.464
742.856,210.807,462.082,259.81
764.248,180.136,486.703,236.973
743.072,209.685,462.506,258.841
745.675,203.112,466.126,253.47
777.154,206.978,491.848,264.058
744.384,206.611,464.28,256.35
777.923,156.537,503.102,218.963
749.998,196.414,471.225,248.391
306.748,286.173,18.3986,225.135
294.519,248.538,14.4635,182.681
295.702,251.663,14.9756,186.261
293.402,251.708,12.3795,185.655
302.523,309.965,7.24405,248.698
422.472,288.561,142.791,257.684
382.164,284.185,101.177,243.001
334.948,289.787,48.6348,236.388
335.922,288.26,50.0976,235.076
380.727,284.112,99.6627,242.556
428.239,297.385,146.393,267.919
427.419,298.429,145.285,268.761
427.815,298.518,145.674,268.948
461.528,323.39,174.158,301.803
429.365,280.239,151.932,251.09
427.328,271.488,151.869,241.826
387.979,332.123,95.3284,293.056
344.159,340.43,45.7453,290.837
340.147,336.804,42.2633,286.112
348.896,298.743,61.6284,249.232
339.856,347.261,39.2506,296.816
360.464,243.007,88.3849,195.438
371.1,296.024,86.3627,252.176
398.923,302.68,114.384,265.961
340.438,242.055,66.9422,188.929
444.33,323.246,156.577,297.614
442.327,297.759,160.751,271.742
444.911,323.907,157.013,298.41
382.933,312.314,94.9373,271.717
371.745,241.16,100.945,196.654
446.232,296.758,165.007,271.701
414.452,277.488,136.96,244.541
385.945,311.82,98.278,271.967
334.003,248.88,58.1656,194.131
460.927,315.223,175.531,293.565
380.957,311.656,92.9897,270.557
408.682,280.464,130.187,246.056
396.046,243.178,126.188,205.271
390.015,342.408,94.9158,303.981
387.498,248.789,115.768,208.629
414.08,277.512,136.566,244.47
353.826,334.573,57.8344,287.204
424.014,247.042,154.406,216.568
373.393,332.498,79.5859,289.888
338.053,323.28,43.4528,271.659
601.673,346.667,305.758,355.4
582.128,324.181,292.658,329.778
564.668,329.832,274.726,331.401
602.346,347.073,306.297,355.927
547.689,337.568,256.547,335.161
621.716,324.322,329.676,338.41
595.131,327.407,304.184,335.667
545.367,336.771,254.485,333.883
595.179,325.563,304.652,333.919
534.437,340.152,243.059,334.771
621.629,324.238,329.615,338.312
595.2,326.355,304.49,334.679
632.994,322.594,340.463,339.166
589.391,343.514,294.914,349.814
532.449,341.124,240.888,335.28
540.463,338.09,249.414,334.089
608.896,325.528,317.498,336.825
588.748,354.308,291.822,360.004
607.984,321.942,317.464,333.225
549.044,348.951,255.145,346.464
592.024,339.911,298.363,346.934
546.351,350.949,252.111,347.823
549.377,347.495,255.807,345.127
550.809,262.314,276.973,263.28
530.793,349.922,237.144,343.472
613.102,346.192,316.555,357.324
584.894,335.062,292.77,340.784
560.487,342.356,267.775,342.555
623.696,318.703,332.777,333.519
591.328,321.954,301.856,329.646
599.526,331.893,307.284,340.881
483.998,289.427,205.053,273.611
617.4,318.79,326.933,332.255
607.82,333.012,314.789,343.705
528.977,323.095,241.745,316.99
533.801,323.398,246.382,318.366
533.174,323.314,245.791,318.144
626.947,329.975,333.23,344.858
584.053,333.288,292.383,338.907
618.256,331.95,324.742,344.9
651.595,342.045,352.955,361.318
648.286,321.773,354.633,341.611
660.401,316.883,366.713,339.567
660.99,316.462,367.339,339.297
759.734,329.492,451.112,371.246
730.918,331.137,425.923,367.101
658.178,314.296,365.28,336.681
775.032,334.27,463.118,378.542
774.317,333.923,462.585,378.09
772.146,331.42,461.276,375.402
740.6,343.118,431.729,379.976
677.275,317.181,381.82,343.36
667.485,338.701,368.101,361.415
738.934,341.264,430.687,377.955
661.173,322.773,366.1,345.236
689.752,336.059,388.64,363.447
759.782,339.131,449.09,380.032
757.57,340.419,446.921,380.78
755.634,342.081,444.905,381.924
770.042,316.738,462.752,361.681
779.324,315.378,470.896,362.271
684.351,247.006,403.426,279.777
716.846,336.276,412.642,369.051
760.03,317.925,453.978,360.786
718.443,332.874,414.781,366.233
702.055,337.18,399.386,366.95
693.373,330.982,393.1,359.47
750.436,274.264,449.662,318.648
716.795,337.913,412.241,370.549
642.018,285.921,356.882,306.618
645.229,326.633,350.758,345.535
777.319,299.346,467.399,347.067
661.598,343.058,361.81,364.299
661.102,333.609,363.595,355.357
703.656,339.645,400.261,369.549
672.48,313.712,378.292,339.133
672.848,323.987,376.346,348.784
784.078,303.318,472.278,352.03
723.101,312.575,423.288,348.502
770.797,305.479,460.545,351.339
461.372,437.851,146.115,415.716
468.522,467.642,146.244,446.877
423.304,446.904,104.167,417.183
453.957,448.84,135.796,425.243
445.712,365.924,147.537,340.524
453.093,449.62,134.708,425.855
399.315,371.503,97.5237,335.663
442.44,471.065,118.304,445.338
464.07,459.833,143.514,438.221
447.965,448.035,129.766,423.251
342.918,455.99,14.6083,409.99
404.299,472.606,77.4798,439.508
419.454,396.54,112.653,365.483
419.802,472.474,94.0665,442.397
414.303,398.323,106.769,366.163
611.123,422.404,297.3,429.515
611.371,422.062,297.611,429.235
577.51,376.522,276.009,379.001
596.985,422.99,283.809,427.429
581.95,391.78,276.714,394.56
580.19,398.793,273.409,400.957
583.616,391.601,278.344,394.719
586.028,448.258,267.617,449.689
621.432,420.727,307.349,429.836
548.801,383.499,246.856,379.885
558.992,441.571,243.112,438.233
622.421,420.608,308.3,429.906
552.839,434.776,238.744,430.473
592.346,383.303,288.553,388.495
602.063,428.989,287.238,434.128
565.53,433.939,251.14,432.062
574.916,392.2,269.892,393.567
501.811,440.994,186.621,426.789
597.518,388.537,292.242,394.532
578.581,381.102,275.971,383.621
554.731,445.056,238.173,440.823
500.618,440.513,185.535,426.082
542.948,440.451,227.684,434.128
580.842,403.658,272.905,405.766
542.855,432.792,229.402,426.641
594.217,394.972,287.638,400.043
589.26,390.031,284.076,394.33
624.958,409.616,313.169,419.927
631.331,411.257,318.723,422.683
511.755,442.685,196.195,430.374
625.4,408.968,313.728,419.394
565.936,444.782,249.081,442.64
593.152,420.667,280.705,424.478
604.384,467.112,280.751,471.094
624.123,379.064,319.336,390.754
543.091,378.102,242.565,373.472
561.708,363.541,263.874,363.241
590.657,455.351,270.4,457.357
593.49,419.385,281.322,423.311
566.49,418.711,255.617,417.506
659.19,418.473,342.757,434.653
658.556,418.073,342.267,434.161
684.749,402.484,369.487,424.341
756.497,400.994,432.994,435.905
692.884,413.871,374.267,436.447
691.844,412.755,373.582,435.219
748.23,411.631,423.549,444.2
694.282,414.933,375.284,437.689
749.745,409.983,425.219,442.953
750.32,408.868,425.958,442.031
677.454,416.406,359.818,436.03
679.158,414.851,361.704,434.883
768.955,375.18,449.224,414.577
670.037,424.567,351.276,442.347
768.234,411.784,440.774,447.82
670.082,424.402,351.354,442.2
779.729,414.499,450.026,452.273
742.251,371.933,426.939,406.698
773.553,418.244,443.949,454.628
763.272,370.313,445.403,409.103
738.022,419.692,412.918,449.83
703.865,423.362,381.984,447.243
785.213,393.001,459.266,433.688
690.965,388.297,378.2,412.263
736.702,380.303,420.307,413.356
737.206,418.923,412.372,448.98
689.356,390.479,376.278,413.995
761.308,367.879,444.241,406.521
736.789,380.702,420.297,413.738
743.523,383.302,425.586,417.361
778.901,398.747,452.679,437.799
667.611,381.051,358.785,401.074
747.434,390.302,427.464,424.491
746.545,389.042,426.966,423.175
744.79,386.386,426.019,420.421
661.154,459.133,335.508,473.322
674.355,391.579,362.542,412.213
779.39,407.058,451.324,445.444
643.525,419.062,328.241,432.34
770.283,452.908,433.792,485.734
340.277,484.301,4.37039,438.875
369.957,575.025,17.873,538.235
370.229,572.594,18.7479,535.77
350.176,486.175,14.9561,442.795
436.624,508.788,103.923,482.276
424.676,493.185,94.3777,464.323
366.217,488.806,32.0678,448.676
446.431,494.006,117.203,469.184
445.299,493.939,116.027,468.908
448.086,493.199,119.1,468.678
429.762,575.014,82.8311,547.988
359.039,481.339,26.0319,439.544
401.11,484.823,71.1174,451.35
396.787,484.059,66.5927,449.738
421.571,491.379,91.3578,461.916
429.854,574.964,82.9399,547.952
464.312,492.58,136.149,471.031
452.651,573.547,107.362,550.154
452.551,573.387,107.292,549.977
376.895,484.885,44.758,446.721
406.728,495.173,74.6686,462.979
458.554,496.22,129.437,473.623
463.859,493.261,135.543,471.629
463.962,583.128,117.226,561.524
440.857,565.622,96.8031,540.27
385.014,575.643,34.325,541.363
369.953,578.599,17.1075,541.918
514.858,491.877,187.937,479.415
633.029,570.251,287.368,574.053
628.374,570.776,282.872,573.888
510.544,485.715,184.776,472.581
614.666,570.539,269.924,571.695
615.501,570.894,270.646,572.154
525.999,488.692,199.717,478.258
502.534,493.721,175.123,479.047
501.653,484.714,176.048,469.99
496.961,487.276,170.679,471.681
486.869,503.074,157.32,485.531
486.453,504.235,156.664,486.61
567.572,562.584,226.279,557.068
492.256,482.827,166.958,466.413
545.16,487.036,219.063,480.01
629.141,521.232,293.396,526.856
529.649,571.358,186.799,559.911
621.296,528.672,284.588,532.71
628.222,559.463,285.172,563.068
645.167,572.342,298.347,577.759
659.826,570.545,312.329,578.126
656.923,570.262,309.69,577.451
672.335,569.372,324.081,578.778
673.066,569.088,324.809,578.613
670.825,565.695,323.449,575.103
777.762,565.665,418.799,589.691
774.553,566.189,415.921,589.744
771.438,501.393,425.408,530.182
671.329,572.005,322.632,581.114
752.658,499.519,409.402,525.643
735.744,500.369,394.394,523.848
746.864,494.229,405.301,519.905
