54.7554,80.0531,72.4033,236.959
23.5478,60.3459,44.1407,217.164
117.848,68.1488,134.65,228.146
123.814,78.249,139.578,237.933
101.557,77.8584,118.011,236.699
34.6905,70.145,53.9301,226.812
130.135,77.2701,145.796,237.251
112.692,40.3165,132.048,201.809
24.3946,79.3883,43.0285,235.152
23.6749,80.2344,42.2447,235.924
112.724,67.7321,129.721,227.555
42.979,80.9937,60.8888,237.393
29.4264,69.2108,48.9284,225.728
108.251,78.5938,124.442,237.655
105.116,78.5659,121.402,237.507
107.565,76.5586,123.955,235.701
31.2979,41.3956,53.5119,199.701
117.271,87.8662,132.396,246.796
140.863,111.001,153.43,269.804
49.2325,79.5744,67.0932,236.292
59.9206,114.04,74.1418,269.533
105.168,31.2071,125.586,193.028
112.675,49.1777,131.272,210.103
112.749,112.216,125.875,269.862
30.5178,115.197,45.3383,269.486
134.872,57.9358,151.993,219.189
212.119,99.8302,223.843,261.913
257.704,73.3968,269.984,238.538
208.669,75.1668,222.22,238.309
284.186,73.2777,295.735,239.454
181.193,75.4132,195.514,237.475
283.898,73.2143,295.458,239.383
278.823,74.073,290.474,239.999
202.991,76.1096,216.637,238.982
289.691,73.8471,301.055,240.208
272.433,64.2639,284.841,230.463
196.651,66.1503,211.195,229.31
192.414,38.6022,209.085,203.261
192.269,65.8253,206.969,228.833
276.541,54.5885,289.399,221.505
186.132,56.9385,201.678,220.226
269.606,37.0321,283.719,204.752
266.899,106.253,276.923,270.209
292.867,105.275,302.372,270.293
191.303,109.111,202.847,269.976
219.755,47.7984,234.854,212.925
404.572,43.0817,413.954,215.508
456.248,62.9916,463.429,236.171
407.827,69.3796,416.153,240.454
406.839,71.6734,415.107,242.591
356.404,71.081,366.091,240.179
404.103,72.8432,412.421,243.638
356.804,71.3741,366.467,240.472
326.165,72.8635,336.585,240.693
404.801,26.9251,414.765,200.378
466.761,62.3604,473.677,235.982
351.799,72.0927,361.564,240.959
345.084,62.3033,355.488,231.425
355.748,72.5748,365.386,241.572
407.763,104.137,414.815,273.611
361.806,71.9761,371.308,241.238
336.627,72.5393,346.78,240.793
408.595,102.577,415.687,272.147
394.911,20.9445,405.472,194.487
399.189,45.9296,408.659,218.033
533.465,35.9035,539.382,214.278
559.157,78.1764,563.805,255.184
534.113,59.3946,539.661,236.453
599.434,39.022,603.241,219.499
600.337,117.092,603.834,294.011
534.639,60.8092,540.151,237.811
600.314,58.8535,604.022,238.256
553.388,40.073,558.62,218.895
529.43,60.6232,534.723,236.775
555.397,59.9174,560.344,237.699
625.191,58.1326,628.215,238.437
492.808,61.8205,499.043,236.484
564.578,59.9648,569.27,238.067
539.844,60.6222,545.219,237.827
609.721,58.781,613.166,238.507
617.172,98.7656,620.383,276.928
762.446,73.0159,762.281,257.536
757.071,32.1642,756.072,218.615
707.281,95.1059,708.634,276.582
773.582,36.2652,772.235,223.116
771.791,107.642,772.336,291.158
767.076,102.604,767.561,286.107
645.452,103.723,648.106,282.694
768.789,31.0916,767.441,218.059
647.168,36.7886,649.494,219.035
766.552,80.8368,766.499,265.172
684.546,97.214,686.382,277.808
135.399,132.88,146.254,290.638
107.231,133.526,118.591,290.145
31.2722,216.226,35.606,368.076
112.147,210.806,116.474,365.994
115.623,158.069,124.647,314.279
62.9484,160.376,72.5964,314.419
122.745,235.138,124.825,390.683
33.8237,161.861,43.7953,314.701
28.669,188.232,35.9722,340.306
149.721,233.177,151.919,389.83
143.121,156.712,151.833,314.057
138.134,234.022,140.282,390.199
50.0131,161.064,59.8022,314.572
130.961,157.233,139.818,314.078
137.272,156.856,146.063,313.963
102.871,158.561,112.052,314.248
109.649,183.508,116.475,338.931
60.3284,187.013,67.3867,340.386
20.7629,162.445,30.8875,314.748
56.4768,160.204,66.2466,313.993
140.399,181.218,147.078,337.922
124.485,147.257,134.308,304.114
108.108,158.414,117.22,314.314
43.6215,150.785,54.5514,304.317
120.994,146.954,130.905,303.681
141.74,136.871,152.137,294.746
107.762,217.053,111.543,372.02
47.4382,202.625,53.0531,355.248
119.791,190.152,125.912,345.878
67.8367,192.915,74.2292,346.497
42.6664,170.624,51.601,323.6
218.611,204.906,222.759,364.48
262.271,225.872,264.826,387.149
187.24,153.934,195.494,313.116
289.182,149.446,296.216,312.821
181.544,154.916,189.809,313.844
187.462,230.833,189.782,389.036
187.38,179.177,193.703,337.813
214.002,153.181,221.905,313.452
294.041,149.74,300.988,313.301
214.676,228.949,217.093,388.271
220.4,153.177,228.207,313.704
267.105,225.326,269.688,386.802
262.403,151.308,269.714,313.563
218.03,176.975,224.183,336.886
208.859,153.557,216.812,313.613
293.605,223.393,296.269,385.958
262.652,175.456,268.435,337.194
288.453,223.959,291.091,386.313
257.293,151.203,264.686,313.257
268.618,150.933,275.862,313.447
283.459,150.043,290.541,313.173
225.69,228.101,228.15,387.875
200.692,229.314,203.105,388.061
298.665,223.182,301.335,385.955
292.005,173.298,297.616,336.259
274.67,224.356,277.303,386.143
263.561,169.276,269.725,331.167
359.838,145.253,366.077,311.563
463.255,142.841,468.065,313.121
334.795,147.502,341.281,312.751
335.359,146.794,341.872,312.085
465.451,221.156,468.06,390.555
330.212,147.955,336.739,313.009
334.201,220.999,336.946,385.233
360.588,146.253,366.771,312.566
458.174,143.183,463.04,313.251
338.414,220.913,341.158,385.32
459.346,202.216,462.502,371.403
460.862,221.753,463.449,390.964
355.486,146.679,361.721,312.777
368.731,218.993,371.537,384.648
415.957,128.854,421.926,297.699
365.636,146.167,371.752,312.685
340.776,147.292,347.188,312.786
359.426,218.83,362.249,384.102
471.584,221.251,474.196,390.903
468.971,142.879,473.706,313.387
344.1,220.139,346.877,384.78
361.701,168.898,366.834,334.749
360.939,165.01,366.259,330.905
349.608,185.105,354.079,350.204
349.8,184.797,354.284,349.908
352.512,208.884,355.82,373.893
397.891,143.748,403.65,311.594
340.035,128.731,347.37,294.745
401.149,216.773,404.006,383.733
391.972,168.077,396.84,335.155
628.185,188.537,631.281,365.008
627.541,185.647,630.637,362.118
604.918,229.064,608.007,404.665
535.621,139.098,539.947,313.049
562.433,214.605,565.587,388.581
536.522,215.931,539.678,388.946
605.287,211.309,608.424,386.854
604.823,136.592,608.184,313.096
628.133,134.136,631.165,311.536
489.616,141.55,494.118,312.919
531.24,139.742,535.251,312.826
532.396,216.765,535.173,388.918
628.127,135.579,631.16,312.941
601.212,136.169,604.626,312.555
484.371,141.905,488.932,313.055
628.249,210.504,631.371,386.898
486.456,219.862,489.119,390.125
556.398,138.209,560.439,312.936
604.17,154.928,607.481,330.982
560.618,156.992,564.397,331.442
754.233,174.289,756.59,355.611
765.18,172.768,767.468,354.552
740.677,167.819,742.933,348.661
706.394,167.018,708.833,346.549
765.558,151.05,767.289,333.175
645.214,209.191,648.32,386.207
645.375,158.515,648.26,335.982
697.511,216.602,700.697,395.551
71.5798,290.491,68.2481,444.522
44.8997,339.667,36.1292,494.032
125.412,328.805,118.969,486.202
144.734,308.781,140.359,466.348
51.7388,316.329,45.5513,470.178
130.847,309.444,126.251,466.442
78.6308,314.576,72.9363,469.513
37.9909,317.957,31.47,471.273
117.796,311.009,112.904,467.5
123.771,310.478,118.998,467.206
66.0566,315.523,60.1191,469.955
137.802,299.369,134.185,456.383
71.5564,314.943,65.7422,469.591
59.4953,305.945,54.4754,459.823
141.954,290.01,139.208,446.987
77.2188,295.902,73.3853,450.286
138.402,317.371,133.181,474.924
59.3813,324.65,52.4115,479.082
300.88,343.477,296.453,508.979
270.637,275.415,270.024,437.499
227.275,319.309,223.151,480.712
293.085,295.842,291.412,459.325
205.046,303.911,201.781,463.892
230.985,301.573,228.2,462.586
267.483,298.12,265.366,460.582
272.301,297.537,270.278,460.187
298.009,295.507,296.414,459.189
302.913,295.175,301.395,459.055
225.795,301.444,222.959,462.234
277.779,297.289,275.836,460.164
220.444,302.028,217.503,462.608
199.159,304.006,195.818,463.74
283.583,262.144,283.887,424.549
213.516,292.938,211.176,452.985
285.572,286.971,284.358,449.913
203.846,284.77,202.042,444.236
215.176,340.404,209.267,502.083
276.732,278.745,275.955,441.148
213.7,310.373,210.047,470.903
341.381,269.49,341.653,434.43
368.08,306.958,366.813,473.941
463.241,297.96,463.626,468.462
338.327,292.016,337.402,457.309
362.973,289.807,362.449,456.084
342.558,291.783,341.695,457.249
365.29,358.12,361.523,527.1
464.523,353.456,463.297,526.253
473.688,297.193,474.25,468.116
372.489,289.345,372.099,456.012
347.829,291.329,347.052,457.006
353.449,256.688,354.439,421.932
406.448,354.685,403.834,525.249
385.603,286.18,385.505,453.315
372.008,247.675,373.516,413.595
471.626,285.691,472.476,456.209
347.618,249.661,348.929,414.587
605.529,285.269,608.456,461.85
627.203,300.727,630.422,478.599
493.526,295.302,494.433,467.011
488.425,295.584,489.249,467.085
624.239,353.815,627.439,533.892
533.207,272.753,535.087,445.569
557.205,288.797,559.496,463.649
624.531,336.261,627.724,515.455
498.732,295.15,499.72,467.075
620.693,344.384,623.804,523.834
620.579,272.615,623.694,449.435
763.748,240.756,767.783,422.548
766.895,312.057,772.877,495.877
738.189,303.215,743.334,485.462
768.596,245.476,772.804,427.538
645.404,338.437,649.075,518.536
761.915,307.639,767.669,491.072
645.222,279.891,648.63,457.814
760.555,352.007,767.442,537.455
704.061,299.748,708.507,480.491
696.871,282.183,700.958,462.12
695.905,345.678,700.863,528.092
704.193,300.989,708.661,481.78
669.733,335.931,673.95,516.854
670.132,275.244,673.808,453.995
85.8738,437.777,67.751,599.639
130.546,404.432,117.16,565.878
58.6685,391.186,44.6415,548.661
73.942,389.649,60.4685,547.7
136.199,383.054,124.96,543.436
86.1944,388.647,73.1377,547.173
137.63,382.402,126.487,542.809
124.736,384.051,113.113,543.991
46.1496,392.643,31.6436,549.658
79.3065,389.236,66.0131,547.496
130.026,383.412,118.597,543.546
67.5748,380.428,54.9078,537.671
148.822,363.099,139.694,522.967
279.9,415.406,270.363,584.187
305.217,411.716,296.771,581.35
232.21,390.955,222.899,556
272.224,368.874,265.535,534.384
236.608,372.958,228.742,537.145
225.785,373.758,217.587,537.517
283.748,367.109,277.462,533.024
297.589,365.746,291.732,532.189
231.171,373.362,223.138,537.333
230.684,372.393,222.711,536.29
307.367,365.381,301.775,532.229
282.784,367.989,276.417,533.91
210.599,375.471,201.888,538.664
470.321,370.836,468.742,544.829
378.931,425.092,372.388,598.987
363.942,416.698,357.254,589.283
359.906,394.904,354.172,565.788
361.522,394.317,355.868,565.234
409.133,421.88,403.854,596.846
360.242,394.819,354.522,565.713
426.657,396.467,422.911,570.199
359.293,363.314,355.119,532.299
540.087,412.397,540.259,592.958
539.446,380.972,540.092,559.328
495.461,386.923,494.222,563.003
494.946,368.103,494.144,543.013
490.69,368.624,489.754,543.378
645.002,395.219,648.919,578.669
765.513,376.951,773.235,564.119
