134.13,87.8415,425.625,93.5622
44.4338,57.5919,349.497,56.5088
135.933,111.152,423.554,115.95
115.606,69.735,411.506,74.531
135.255,50.2064,432.691,57.8263
92.0653,86.9788,387.382,88.5252
115.094,90.4407,407.74,94.1019
134.514,52.2703,431.676,59.7237
133.52,52.1877,430.771,59.5529
23.8653,76.8302,328.45,72.4825
129.909,40.4389,429.309,48.0391
129.55,40.4017,428.984,47.9715
123.862,82.0893,417.089,87.0582
50.8085,80.4771,351.549,78.417
112.452,90.1078,405.382,93.5196
90.4641,36.2519,393.964,40.5959
98.6178,88.1044,393.119,90.2365
91.627,39.2093,394.548,43.4834
42.8157,79.319,344.671,76.5764
123.083,82.2474,416.349,87.1309
116.215,42.9428,416.323,49.1894
114.96,45.8591,414.71,51.841
130.028,101.441,419.661,106.08
130.128,101.436,419.754,106.085
120.797,73.9632,415.575,79.0419
106.42,81.0735,401.325,84.3704
282.859,78.112,570.337,99.6994
185.815,33.1012,482.834,46.0428
186.287,33.0656,483.289,46.0513
250.956,99.0662,535.115,116.851
250.275,34.8419,545.076,53.7225
290.781,43.993,584.022,66.6953
164.064,39.5646,461.245,50.291
268.104,94.2933,552.885,114.069
433.226,61.8819,730.865,99.9611
355.758,60.0537,648.061,89.5006
442.369,55.2084,741.998,94.0835
389.062,99.3056,676.998,133.217
390.01,57.5461,685.2,90.7528
391.815,94.2802,680.781,128.421
390.716,55.9146,686.231,89.1652
387.752,23.4915,688.673,55.7993
377.114,72.2903,668.395,104.241
329.137,116.366,610.9,143.121
46.2509,216.126,326.328,204.228
137.474,232.427,405.55,231.628
45.0102,136.538,337.669,130.035
136.678,171.828,414.523,173.822
93.1405,163.236,376.283,160.464
135.66,173.191,413.368,174.995
45.7366,158.903,334.815,150.927
116.063,165.394,396.677,165.218
41.4077,218.089,321.778,205.436
92.4882,188.691,371.669,184.354
51.8285,159.849,340.03,152.502
40.2717,158.768,330.036,150.18
99.5504,164.14,381.908,162.07
52.4228,219.626,331.2,208.276
243.749,200.07,511.344,214.981
283.4,140.587,560.442,161.621
284.302,170.22,556.394,191.074
188.8,227.529,454.07,234.043
187.959,162.719,463.804,171.389
187.657,162.937,463.484,171.562
248.168,225.745,511.424,240.757
247.336,161.646,521.203,177.81
433.987,181.705,710.769,223.683
393.113,170.507,669.01,206.333
392.25,171.461,667.934,207.185
390.257,189.348,662.747,225.131
401.338,202.728,672.158,240.42
391.128,134.527,673.114,169.378
392.201,210.283,661.191,246.754
390.71,227.499,656.653,264.067
373.094,164.857,648.286,197.707
395.618,193.295,667.729,229.939
392.36,132.518,674.764,167.489
383.63,183.984,656.079,218.616
407.145,180.308,682.208,218.343
425.491,144.762,708.038,184.422
139.017,353.739,387.541,347.342
47.283,295.697,314.805,278.384
117.891,295.6,377.615,288.785
94.5905,317.496,353.18,305.89
117.861,294.102,377.826,287.362
138.13,292.961,396.459,289.351
117.843,293.213,377.952,286.517
115.3,316.814,371.896,308.467
47.4862,317.964,311.505,299.123
42.3086,318.292,306.937,298.645
15.2655,318.94,283.447,295.188
53.5924,318.246,316.801,300.31
136.886,294.356,395.098,290.489
133.401,343.076,384.117,336.268
244.548,265.074,501.393,278.741
190.258,332.002,438.473,335.059
190.211,332.931,438.278,335.948
190.073,292.071,444.784,296.507
190.251,292.468,444.887,296.917
248.988,290.077,501.594,303.932
266.541,277.829,520.829,294.719
289.041,290.146,541.086,310.537
288.848,332.291,533.85,352.241
225.279,286.602,479.155,296.74
359.626,326.329,606.642,358.936
358.646,267.936,615.59,299.822
400.019,319.16,650.654,359.113
446.22,296.336,703.965,344.073
395.823,341.683,642.356,381.308
392.542,303.953,645.406,342.257
423.222,296.675,679.171,340.284
435.273,301.051,691.329,346.957
427.276,263.077,689.357,306.446
453.044,286.488,713.094,335.107
502.48,287.461,767.426,345.097
525.685,327.423,786.378,391.665
499.846,260.645,769.255,316.454
503.289,302.722,765.612,361.284
528.497,348.404,785.806,414.428
119.725,443.217,355.777,428.844
118.961,369.653,366.795,359.072
139.834,414.274,378.597,405.092
138.903,392.565,381.224,384.269
140.551,475.011,369.53,463.017
95.851,392.778,342.388,376.941
119.227,409.129,360.753,396.488
95.7889,393.238,342.263,377.364
48.532,397.033,300.067,372.813
116.275,391.802,360.85,379.571
16.2112,399.972,270.861,369.945
91.6819,451.105,329.469,431.039
137.979,404.048,378.536,395.027
127.478,380.975,372.685,371.258
27.6004,399.338,281.601,371.409
128.122,454.276,361.576,440.908
110.187,380.857,357.113,368.172
101.64,469.235,335.451,449.98
120.332,466.493,352.61,450.988
110.749,456.282,345.636,439.501
245.799,394.209,481.3,405.339
246.705,424.167,477.236,434.826
191.505,461.676,418.587,460.341
241.065,421.07,472.293,430.695
190.895,422.837,424.322,422.776
243.857,421.97,474.842,432.119
282.416,416.18,513.476,434.006
250.557,463.019,474.553,473.631
255.118,423.75,485.469,436.07
226.273,414.967,459.048,421.883
436.123,420.826,671.35,470.564
360.719,408.641,593.73,442.219
359.608,466.161,582.781,500.007
473.701,419.548,712.205,477.433
393.609,380.293,633.378,420.217
393.974,418.415,627.195,459.115
333.272,410.824,565.287,438.84
397.265,383.847,636.601,424.571
423.528,453.664,652.219,501.564
392.657,449.636,620.44,490.614
422.933,375.112,665.232,420.795
383.472,416.171,616.014,454.54
417.932,380.907,658.911,425.732
404.402,380.13,644.743,422.211
402.47,450.374,630.584,493.522
440.039,412.87,676.933,463.205
458.011,409.478,696.902,463.555
502.317,404.916,746.334,468.424
527.716,407.191,774.371,476.444
121.532,517.99,345.494,499.967
97.7533,545.952,319.874,521.409
50.5313,555.405,277.084,520.399
139.417,536.895,358.604,521.638
23.0467,561.15,252.6,520.045
17.1708,542.16,249.682,501.209
39.6396,545.524,269.238,508.991
112.519,530.485,335.45,509.917
102.636,545.571,324.253,522.075
29.688,560.267,258.418,520.598
247.8,553.773,456.916,561.838
241.776,486.2,462.251,494.466
192.456,553.233,404.615,548.798
192.786,552.802,404.992,548.456
250.929,483.959,471.456,494.214
255.88,487.955,475.592,499.183
256.773,552.115,465.849,562.281
437.302,540.118,651.813,593.71
362.141,525.082,575.337,560.009
427.462,533.738,642.478,584.701
394.574,494.825,614.666,537.04
395.126,533.321,608.615,576.355
399.689,525.688,614.687,569.685
397.29,553.177,607.453,597.101
397.221,514.243,614.086,557.434
398.325,551.989,608.735,596.149
395.4,516.939,611.722,559.746
396.275,515.101,612.952,558.083
398.922,536.885,611.958,580.909
399.744,538.121,612.602,582.369
420.959,528.436,636.525,577.662
414.982,526.614,630.544,574.336
394.617,537.614,607.345,580.6
414.917,526.919,630.423,574.633
384.367,531.04,597.228,571.344
390.253,529.531,603.606,571.232
401.728,488.61,623.21,532.364
528.69,521.572,754.957,597.595
530.546,503.687,760.257,579.163
