131.135,51.9909,423.196,35.2485
59.8367,42.1887,359.432,20.3112
110.566,79.6083,400.109,60.0432
62.6184,80.5137,356.433,56.7966
136.84,79.0275,424.509,61.7745
116.965,31.7994,413.012,14.7196
35.6324,81.0264,332.309,55.0064
22.1062,42.8335,325.764,18.0883
136.373,77.3592,424.321,60.1267
45.5642,72.8617,342.278,48.1542
31.036,79.4699,328.465,53.1616
58.7728,80.7904,352.947,56.7319
30.6157,81.1437,327.857,54.6967
47.0335,43.6347,347.761,20.7104
120.308,71.789,410.228,53.3896
116.195,68.7084,406.882,50.0861
47.3074,24.2463,350.76,2.42908
120.1,100.512,405.82,80.913
120.566,111.745,404.602,91.7162
201.467,56.5019,489.156,45.4594
271.342,49.995,558.823,45.0053
180.826,40.0393,471.836,27.6525
274.647,39.1187,563.846,34.4152
208.844,77.6158,493.06,66.8171
183.62,77.8975,468.787,64.8217
208.741,76.3077,493.16,65.5242
186.708,31.2312,478.788,19.5135
183.362,76.3655,468.772,63.3053
258.498,65.7374,543.542,59.5664
191.761,70.1863,477.733,58.0199
284.192,24.7661,575.706,20.8217
247.218,23.984,538.86,17.1038
173.257,78.2278,458.874,64.2181
360.841,25.1327,654.637,27.4817
358.61,27.2493,651.948,29.4603
436.605,79.3901,726.427,90.6935
392.826,75.2258,679.967,81.9386
396.695,104.054,679.312,112.016
378.48,29.9123,672.331,33.9346
451.186,32.6016,750.387,43.1914
383.968,67.0998,672.007,72.6781
426.525,32.7606,723.31,41.1483
460.805,100.534,749.407,115.359
436.034,100.968,722.153,113.098
453.463,31.8484,753.033,42.6062
387.829,94.7815,671.531,101.514
463.788,100.141,752.773,115.276
379.208,86.6474,663.842,92.2492
453.459,32.6011,752.899,43.396
388.672,43.677,680.767,49.044
505.261,99.1134,799.384,118.816
122.071,217.255,390.564,192.643
52.4656,184.423,332.554,153.667
116.385,147.471,395.536,125.461
72.5469,220.165,345.343,189.508
67.5606,149.18,351.031,122.099
44.3827,221.618,320.154,187.57
39.6773,221.388,316.047,186.808
39.8969,150.046,326.309,120.135
35.9918,149.253,322.976,119.003
70.3406,219.89,343.413,188.989
50.1987,142.118,336.549,113.722
35.6621,150.402,322.523,120.046
54.757,212.209,330.642,179.97
49.7966,210.133,326.547,177.457
120.571,136.117,401.043,115.038
191.029,142.279,466.141,128.255
215.911,140.88,490.24,129.536
188.55,126.781,466.117,112.913
296.061,172.062,564.395,169.443
410.78,211.221,676.564,223.895
405.737,172.002,677.688,182.949
407.506,174.872,679.078,186.127
449.262,170.011,724.912,186.48
401.477,179.601,672.01,190.185
448.954,171.048,724.4,187.519
402.243,180.42,672.678,191.126
470.877,170.062,748.653,189.346
396.931,163.216,669.89,172.802
395.352,163.813,668.187,173.205
392.59,132.887,670.296,141.164
400.258,203.279,666.881,214.284
387.865,152.288,662.191,160.475
394.987,171.799,666.502,181.342
463.759,160.737,742.378,178.681
401.869,198.148,669.36,209.256
515.521,167.994,798.983,193.074
154.799,288.117,410.337,264.523
37.1693,295.546,303.429,255.533
46.2536,312.865,308.947,272.857
38.3774,294.347,304.653,254.58
40.3576,295.072,306.282,255.517
127.822,289.395,385.315,262.01
145.379,318.098,397.228,291.805
125.079,290.332,382.673,262.522
77.6178,292.971,339.48,258.546
49.6221,294.873,314.433,256.566
66.8404,324.309,325.456,286.394
72.5954,293.199,334.976,258.082
204.427,283.953,457.554,267.484
197.52,317.993,445.892,299.398
303.93,304.469,551.454,302.336
267.245,280.187,518.865,272.824
229.16,313.178,476.784,299.482
294.819,277.789,546.542,274.486
278.044,306.683,525.39,300.545
303.175,346.968,544.032,344.353
290.489,277.648,542.25,273.71
307.911,346.923,548.769,345.093
272.396,350.015,513.122,342.295
282.82,349.089,523.517,343.092
270.728,309.572,517.741,302.27
420.243,281.928,674.928,297.822
368.473,270.199,622.692,277.848
424.294,312.632,674.155,329.937
420.229,319.458,668.813,336.234
420.372,321.488,668.629,338.334
423.959,319.886,672.615,337.307
426.271,315.69,675.734,333.402
338.794,273.904,591.541,277.126
338.914,272.928,591.817,276.164
417.105,321.209,665.215,337.496
347.442,342.072,589.472,346.859
335.512,273.947,588.182,276.679
372.444,339.56,615.58,348.557
346.905,343.108,588.758,347.807
373.603,340.615,616.609,349.818
377.19,340.08,620.415,349.888
470.784,316.32,723.654,341.635
359.967,271.912,613.607,278.297
466.394,317.193,718.711,341.783
419.007,335.1,664.938,352.011
368.281,340.881,611.063,349.182
343.482,343.009,585.283,347.132
413.798,294.107,666.179,309.249
352.782,342.697,594.833,348.385
415.753,306.919,666.133,322.666
497.459,314.549,753.347,344.42
491.734,314.981,746.928,343.873
49.7158,388.661,301.336,343.742
121.62,363.897,368.852,331.69
41.8525,370.972,296.953,326.153
59.8364,447.12,301.978,399.555
54.688,370.076,308.294,327.254
82.8831,367.252,333.587,328.898
88.5434,444.153,327.68,401.665
69.7713,434.355,312.479,389.377
70.5443,368.174,322.518,327.883
75.6846,445.031,316.185,400.297
127.825,439.261,363.579,403.818
123.428,394.959,365.999,361.305
138.258,418.385,376.079,385.889
151.249,392.092,391.795,363.12
137.491,437.377,372.621,403.711
137.818,393.403,379.306,362.171
71.9409,400.316,319.204,358.061
43.0328,403.353,293.454,356.303
143.747,470.156,373.558,435.783
148.499,446.211,381.367,413.989
237.328,426.889,467.368,411.279
279.527,422.658,508.892,414.796
205.352,430.935,436.385,409.473
305.668,419.73,535.131,416.712
231.967,427.873,462.091,411.27
242.999,427.04,472.786,412.446
216.662,429.927,447.221,410.516
290.497,421.698,519.817,415.861
213.874,385.995,451.177,367.647
239.483,383.373,476.041,369.415
294.793,409.037,526.014,404.188
165.587,415.276,401.609,387.572
201.425,385.948,439.407,365.523
295.059,385.517,529.938,381.063
164.218,391.452,403.844,364.639
221.73,393.087,457.57,375.826
433.963,386.184,672.267,406.915
357.808,432.139,585.662,438.863
433.919,392.948,671.112,413.821
430.039,393.569,666.981,413.719
430.612,393.448,667.596,413.704
443.937,461.699,670.375,486.033
380.469,410.435,612.426,421.421
425.282,379.619,664.238,398.587
427.207,380.872,666.071,400.224
355.751,414.045,586.451,420.382
351.481,414.642,582.003,420.178
381.379,411.225,613.239,422.389
376.608,411.764,608.222,422.027
428.701,407.119,663.326,427.288
423.241,365.695,664.375,384.002
437.756,456.338,664.799,479.282
425.638,393.449,662.384,412.762
386.1,410.966,618.173,423.024
361.405,413.812,592.267,421.212
427.188,408.307,661.598,428.208
433.049,438.233,662.796,459.866
430.911,404.347,666.125,424.887
367.971,402.515,600.806,411.114
446.131,463.136,672.448,487.959
507.345,389.882,751.39,424.865
487.984,471.857,716.103,505.872
506.627,390.232,750.533,425.088
517.892,467.975,749.691,508.405
502.678,390.724,746.072,424.823
524.029,467.185,756.652,508.937
512.595,390.067,757.194,426.094
87.5006,498.12,319.106,451.757
140.134,541.909,359.892,502.707
146.164,516.085,369.093,479.573
93.8527,523.133,321.176,476.204
64.7855,526.991,295.103,474.317
133.791,517.224,357.72,478.272
51.7753,528.059,283.647,472.874
139.449,516.735,362.907,478.896
58.2456,527.242,289.375,473.327
59.8432,547.195,287.979,492.022
89.6921,543.259,314.654,494.114
74.03,513.986,305.003,464.007
83.5545,585.911,303.241,532.424
151.534,576.248,365.252,537.305
97.9129,556.106,320.094,507.651
21.2054,586.081,249.388,520.172
68.7424,560.638,293.841,506.136
53.0915,515.674,286.513,461.71
81.4587,513.071,311.662,464.535
81.5654,558.016,305.422,506.216
134.739,506.12,360.177,468.013
99.1348,493.737,330.027,449.798
298.162,549.393,507.582,542.559
250.345,555.915,460.294,538.642
292.003,496.757,509.674,489.775
300.47,573.143,506.172,566.274
244.588,502.89,462.81,486.227
287.56,497.003,505.284,489.118
295.514,573.906,501.204,565.917
212.399,506.981,431.665,483.798
217.627,506.374,436.679,484.245
173.909,512.299,395.039,481.352
250.631,502.16,468.71,486.724
313.664,493.704,531.519,491.179
223.769,506.014,442.535,485.111
258.227,580.103,464.172,563.703
231.576,584.095,438.213,561.728
298.552,496.053,516.218,490.413
295.339,515.141,510.108,508.455
306.578,572.736,512.231,567.237
248.68,482.778,469.781,467.565
255.002,533.893,468.089,518.334
303.111,527.184,515.879,521.877
243.709,491.577,463.68,475.112
370.811,538.318,581.962,547.541
396.475,534.784,608.884,549.728
373.275,562.147,580.665,571.839
360.176,487.76,579.194,494.858
366.633,505.191,582.993,513.599
399.541,558.032,608.293,573.752
369.029,562.754,576.245,571.474
391.57,502.244,609.071,515.981
324.012,492.89,541.943,492.492
332.529,568.88,538.524,569.268
404.222,557.9,613.161,574.7
370.174,486.76,589.555,495.939
379.212,561.672,586.803,572.723
450,506.986,669.326,533.536
375.357,517.001,590.014,527.263
415.16,541.535,627.189,560.741
439.32,499.63,659.383,523.703
401.007,546.424,611.687,562.437
438.905,498.959,659.058,522.929
526.658,523.132,749.956,567.782
509.999,551.112,726.76,592.78
535.886,547.124,756.094,594.963
532.488,535.114,754.375,581.638
555.51,538.252,779.623,590.515
